(22, 22)
Coup joue = [(0, 3), (1, 1), (0, 4), (1, 0), (0, 0), (1, 2), (0, 2), (1, 2), (0, 4), (1, 4), (0, 5), (1, 5), (0, 3), (1, 5), (0, 4), (1, 1), (0, 5), (1, 2), (0, 1), (1, 3), (0, 1), (1, 1), (0, 2), (1, 0), (0, 0), (1, 5), (0, 3), (1, 3), (0, 4), (1, 4), (0, 1), (1, 3), (0, 3), (1, 1), (0, 2), (1, 2), (0, 1), (1, 1), (0, 3), (1, 0)]
Scores = 22 , 22
Plateau (2, 6): 


     | 0 | 1 | 2 | 3 | 4 | 5 | 
------------------------------
  0  | 0 | 1 | 0 | 0 | 2 | 1 | 
------------------------------
  1  | 0 | 0 | 0 | 0 | 0 | 0 | 
------------------------------


Joueur 1, a vous de jouer
Le gagnant est: 0
(10, 35)
Coup joue = [(0, 2), (1, 1), (0, 1), (1, 3), (0, 4), (1, 3), (0, 5), (1, 5), (0, 0), (1, 5), (0, 5), (1, 1), (0, 3), (1, 2), (0, 3), (1, 0), (0, 3), (1, 5), (0, 5), (1, 1), (0, 2), (1, 4), (0, 0), (1, 0), (0, 2), (1, 3), (0, 5), (1, 2), (0, 3), (1, 1), (0, 4), (1, 0), (0, 0)]
Scores = 10 , 35
Plateau (2, 6): 


     | 0 | 1 | 2 | 3 | 4 | 5 | 
------------------------------
  0  | 0 | 1 | 1 | 0 | 0 | 1 | 
------------------------------
  1  | 0 | 0 | 0 | 0 | 0 | 0 | 
------------------------------


Joueur 2, a vous de jouer
Le gagnant est: 2
(20, 21)
Coup joue = [(0, 5), (1, 0), (0, 4), (1, 1), (0, 0), (1, 4), (0, 5), (1, 5), (0, 4), (1, 1), (0, 3), (1, 3), (0, 2), (1, 3), (0, 4), (1, 0), (0, 0), (1, 4), (0, 2), (1, 3), (0, 3), (1, 2), (0, 1), (1, 2), (0, 3), (1, 1), (0, 4), (1, 0), (0, 2)]
Scores = 20 , 21
Plateau (2, 6): 


     | 0 | 1 | 2 | 3 | 4 | 5 | 
------------------------------
  0  | 0 | 0 | 0 | 1 | 1 | 5 | 
------------------------------
  1  | 0 | 0 | 0 | 0 | 0 | 0 | 
------------------------------


Joueur 2, a vous de jouer
Le gagnant est: 2
(18, 24)
Coup joue = [(0, 0), (1, 4), (0, 2), (1, 3), (0, 0), (1, 0), (0, 1), (1, 2), (0, 4), (1, 2), (0, 3), (1, 3), (0, 1), (1, 5), (0, 4), (1, 0), (0, 3), (1, 2), (0, 5), (1, 5), (0, 3), (1, 4), (0, 4), (1, 5), (0, 2), (1, 3), (0, 3), (1, 2), (0, 5), (1, 4), (0, 1), (1, 0), (0, 4), (1, 3), (0, 2), (1, 2), (0, 5), (1, 1), (0, 4), (1, 0), (0, 1), (1, 2), (0, 2), (1, 1), (0, 0), (1, 4), (0, 5), (1, 3), (0, 3), (1, 1), (0, 1), (1, 4), (0, 2), (1, 2), (0, 4), (1, 3), (0, 3), (1, 1), (0, 5), (1, 5), (0, 4), (1, 4), (0, 5), (1, 5)]
Scores = 18 , 24
Plateau (2, 6): 


     | 0 | 1 | 2 | 3 | 4 | 5 | 
------------------------------
  0  | 0 | 0 | 0 | 0 | 0 | 0 | 
------------------------------
  1  | 3 | 0 | 1 | 1 | 1 | 0 | 
------------------------------


Joueur 1, a vous de jouer
Le gagnant est: 2
(8, 38)
Coup joue = [(0, 3), (1, 5), (0, 2), (1, 5), (0, 5), (1, 4), (0, 0), (1, 2), (0, 1), (1, 1), (0, 4), (1, 2), (0, 2), (1, 3), (0, 2), (1, 0), (0, 1), (1, 4), (0, 0), (1, 1), (0, 0), (1, 3), (0, 1), (1, 0), (0, 0), (1, 2), (0, 5), (1, 0), (0, 1), (1, 1), (0, 2), (1, 0)]
Scores = 8 , 38
Plateau (2, 6): 


     | 0 | 1 | 2 | 3 | 4 | 5 | 
------------------------------
  0  | 0 | 0 | 0 | 1 | 1 | 0 | 
------------------------------
  1  | 0 | 0 | 0 | 0 | 0 | 0 | 
------------------------------


Joueur 1, a vous de jouer
Le gagnant est: 2
(19, 25)
Coup joue = [(0, 1), (1, 1), (0, 2), (1, 2), (0, 3), (1, 4), (0, 5), (1, 0), (0, 3), (1, 4), (0, 0), (1, 5), (0, 5), (1, 0), (0, 4), (1, 4), (0, 2), (1, 0), (0, 1), (1, 3), (0, 1), (1, 1), (0, 4), (1, 2), (0, 2), (1, 4), (0, 5), (1, 0), (0, 0), (1, 3), (0, 2), (1, 2), (0, 1), (1, 1), (0, 3), (1, 5), (0, 0), (1, 0), (0, 4), (1, 4), (0, 5), (1, 4), (0, 0), (1, 5), (0, 2), (1, 4), (0, 1), (1, 3), (0, 2), (1, 1), (0, 3), (1, 5), (0, 4), (1, 0), (0, 1), (1, 2), (0, 2), (1, 4), (0, 5), (1, 5), (0, 3), (1, 3), (0, 0), (1, 4), (0, 4), (1, 3), (0, 5), (1, 1), (0, 1), (1, 2), (0, 0), (1, 1), (0, 2), (1, 5), (0, 1), (1, 0), (0, 0), (1, 4), (0, 3), (1, 3), (0, 4), (1, 2), (0, 5), (1, 1), (0, 1), (1, 0), (0, 2), (1, 5), (0, 0), (1, 4), (0, 3), (1, 3), (0, 4), (1, 2), (0, 1), (1, 1), (0, 5), (1, 5), (0, 2), (1, 0), (0, 3), (1, 4), (0, 0), (1, 2), (0, 4), (1, 1), (0, 5), (1, 0), (0, 0), (1, 3), (0, 1), (1, 5), (0, 3), (1, 4), (0, 2), (1, 3), (0, 4), (1, 2), (0, 5), (1, 5), (0, 3), (1, 0), (0, 0), (1, 1), (0, 1), (1, 4), (0, 2), (1, 0), (0, 3), (1, 3), (0, 0), (1, 2), (0, 1), (1, 1), (0, 2), (1, 0), (0, 0)]
Scores = 19 , 25
Plateau (2, 6): 


     | 0 | 1 | 2 | 3 | 4 | 5 | 
------------------------------
  0  | 0 | 1 | 0 | 1 | 2 | 0 | 
------------------------------
  1  | 0 | 0 | 0 | 0 | 0 | 0 | 
------------------------------


Joueur 2, a vous de jouer
Le gagnant est: 2
(19, 27)
Coup joue = [(0, 3), (1, 0), (0, 0), (1, 1), (0, 1), (1, 0), (0, 5), (1, 1), (0, 3), (1, 3), (0, 1), (1, 2), (0, 1), (1, 1), (0, 4), (1, 1), (0, 5), (1, 0), (0, 4), (1, 5), (0, 3), (1, 2), (0, 0), (1, 3), (0, 4), (1, 5), (0, 1), (1, 4), (0, 0), (1, 5), (0, 4), (1, 0), (0, 2), (1, 1), (0, 5), (1, 5), (0, 4), (1, 3), (0, 2), (1, 4), (0, 3), (1, 0), (0, 0), (1, 4), (0, 5), (1, 4), (0, 4), (1, 2), (0, 1), (1, 3), (0, 2), (1, 0), (0, 0), (1, 2), (0, 1), (1, 5), (0, 2), (1, 4), (0, 3), (1, 3), (0, 5), (1, 1), (0, 4), (1, 2), (0, 0), (1, 4), (0, 5), (1, 3), (0, 1), (1, 2), (0, 3), (1, 0), (0, 0), (1, 5), (0, 1), (1, 4), (0, 2), (1, 1), (0, 3), (1, 0), (0, 4), (1, 3), (0, 5)]
Scores = 19 , 27
Plateau (2, 6): 


     | 0 | 1 | 2 | 3 | 4 | 5 | 
------------------------------
  0  | 0 | 0 | 0 | 0 | 0 | 0 | 
------------------------------
  1  | 0 | 0 | 1 | 0 | 1 | 0 | 
------------------------------


Joueur 2, a vous de jouer
Le gagnant est: 2
(28, 17)
Coup joue = [(0, 2), (1, 2), (0, 5), (1, 5), (0, 3), (1, 2), (0, 1), (1, 3), (0, 4), (1, 0), (0, 4), (1, 1), (0, 4), (1, 4), (0, 4), (1, 3), (0, 3), (1, 0), (0, 5), (1, 0), (0, 2), (1, 5), (0, 4), (1, 3), (0, 1), (1, 2), (0, 3), (1, 0), (0, 2), (1, 4), (0, 0), (1, 5), (0, 1), (1, 4), (0, 5), (1, 2), (0, 3), (1, 1), (0, 2), (1, 5), (0, 0), (1, 0), (0, 0), (1, 4), (0, 5), (1, 3), (0, 3), (1, 4), (0, 5), (1, 2), (0, 4), (1, 4), (0, 1), (1, 5), (0, 5), (1, 2), (0, 2), (1, 4), (0, 3), (1, 3), (0, 4), (1, 2), (0, 5)]
Scores = 28 , 17
Plateau (2, 6): 


     | 0 | 1 | 2 | 3 | 4 | 5 | 
------------------------------
  0  | 0 | 0 | 0 | 0 | 0 | 0 | 
------------------------------
  1  | 0 | 3 | 0 | 0 | 0 | 0 | 
------------------------------


Joueur 2, a vous de jouer
Le gagnant est: 1
(12, 33)
Coup joue = [(0, 3), (1, 2), (0, 4), (1, 2), (0, 2), (1, 0), (0, 0), (1, 3), (0, 5), (1, 1), (0, 1), (1, 4), (0, 5), (1, 2), (0, 4), (1, 5), (0, 4), (1, 2), (0, 2), (1, 1), (0, 1), (1, 3), (0, 5), (1, 2), (0, 2), (1, 4), (0, 0), (1, 1), (0, 3), (1, 2), (0, 0), (1, 5), (0, 4), (1, 3), (0, 5), (1, 1), (0, 1), (1, 4), (0, 2), (1, 2), (0, 3), (1, 0), (0, 3), (1, 3), (0, 4), (1, 1), (0, 5), (1, 4), (0, 1), (1, 2), (0, 0), (1, 3), (0, 1), (1, 0), (0, 2), (1, 2), (0, 5), (1, 1), (0, 4), (1, 0), (0, 0)]
Scores = 12 , 33
Plateau (2, 6): 


     | 0 | 1 | 2 | 3 | 4 | 5 | 
------------------------------
  0  | 0 | 1 | 0 | 1 | 0 | 1 | 
------------------------------
  1  | 0 | 0 | 0 | 0 | 0 | 0 | 
------------------------------


Joueur 2, a vous de jouer
Le gagnant est: 2
(24, 19)
Coup joue = [(0, 0), (1, 5), (0, 4), (1, 2), (0, 0), (1, 1), (0, 5), (1, 4), (0, 4), (1, 3), (0, 1), (1, 1), (0, 4), (1, 4), (0, 1), (1, 3), (0, 3), (1, 5), (0, 5), (1, 0), (0, 3), (1, 1), (0, 5), (1, 4), (0, 4), (1, 3), (0, 2), (1, 3), (0, 5), (1, 2), (0, 2), (1, 1), (0, 5), (1, 0), (0, 0), (1, 4), (0, 1), (1, 3), (0, 2), (1, 2), (0, 3), (1, 5), (0, 4), (1, 4), (0, 5), (1, 5)]
Scores = 24 , 19
Plateau (2, 6): 


     | 0 | 1 | 2 | 3 | 4 | 5 | 
------------------------------
  0  | 0 | 0 | 0 | 0 | 0 | 0 | 
------------------------------
  1  | 0 | 2 | 0 | 1 | 2 | 0 | 
------------------------------


Joueur 1, a vous de jouer
Le gagnant est: 1
(18, 27)
Coup joue = [(0, 3), (1, 1), (0, 0), (1, 5), (0, 2), (1, 1), (0, 4), (1, 4), (0, 1), (1, 1), (0, 5), (1, 0), (0, 5), (1, 2), (0, 5), (1, 1), (0, 2), (1, 5), (0, 4), (1, 5), (0, 5), (1, 3), (0, 2), (1, 4), (0, 5), (1, 3), (0, 0), (1, 2), (0, 4), (1, 1), (0, 3), (1, 0)]
Scores = 18 , 27
Plateau (2, 6): 


     | 0 | 1 | 2 | 3 | 4 | 5 | 
------------------------------
  0  | 0 | 0 | 1 | 1 | 0 | 1 | 
------------------------------
  1  | 0 | 0 | 0 | 0 | 0 | 0 | 
------------------------------


Joueur 1, a vous de jouer
Le gagnant est: 2
(17, 28)
Coup joue = [(0, 5), (1, 0), (0, 4), (1, 2), (0, 3), (1, 5), (0, 0), (1, 3), (0, 1), (1, 1), (0, 1), (1, 0), (0, 2), (1, 1), (0, 1), (1, 2), (0, 3), (1, 4), (0, 1), (1, 1), (0, 0), (1, 0), (0, 5), (1, 1), (0, 0), (1, 0), (0, 0), (1, 4), (0, 2), (1, 3), (0, 3), (1, 2), (0, 4), (1, 1), (0, 5), (1, 5), (0, 1), (1, 0), (0, 2), (1, 4), (0, 3), (1, 3), (0, 4), (1, 2), (0, 5), (1, 1), (0, 0), (1, 0), (0, 1), (1, 5), (0, 2), (1, 4), (0, 0), (1, 3), (0, 1), (1, 2), (0, 3), (1, 1), (0, 2), (1, 0), (0, 0)]
Scores = 17 , 28
Plateau (2, 6): 


     | 0 | 1 | 2 | 3 | 4 | 5 | 
------------------------------
  0  | 0 | 1 | 0 | 1 | 1 | 0 | 
------------------------------
  1  | 0 | 0 | 0 | 0 | 0 | 0 | 
------------------------------


Joueur 2, a vous de jouer
Le gagnant est: 2
(16, 27)
Coup joue = [(0, 3), (1, 2), (0, 2), (1, 0), (0, 5), (1, 3), (0, 4), (1, 1), (0, 1), (1, 2), (0, 5), (1, 5), (0, 1), (1, 1), (0, 0), (1, 0), (0, 5), (1, 4), (0, 5), (1, 1), (0, 0), (1, 3), (0, 1), (1, 2), (0, 2), (1, 0), (0, 1), (1, 1), (0, 4), (1, 0)]
Scores = 16 , 27
Plateau (2, 6): 


     | 0 | 1 | 2 | 3 | 4 | 5 | 
------------------------------
  0  | 0 | 0 | 2 | 2 | 0 | 1 | 
------------------------------
  1  | 0 | 0 | 0 | 0 | 0 | 0 | 
------------------------------


Joueur 1, a vous de jouer
Le gagnant est: 2
(20, 26)
Coup joue = [(0, 2), (1, 2), (0, 5), (1, 4), (0, 0), (1, 3), (0, 0), (1, 1), (0, 1), (1, 1), (0, 4), (1, 5), (0, 3), (1, 0), (0, 3), (1, 1), (0, 5), (1, 0), (0, 0), (1, 2), (0, 5), (1, 1), (0, 3), (1, 0)]
Scores = 20 , 26
Plateau (2, 6): 


     | 0 | 1 | 2 | 3 | 4 | 5 | 
------------------------------
  0  | 0 | 1 | 0 | 0 | 1 | 0 | 
------------------------------
  1  | 0 | 0 | 0 | 0 | 0 | 0 | 
------------------------------


Joueur 1, a vous de jouer
Le gagnant est: 2
(28, 18)
Coup joue = [(0, 4), (1, 1), (0, 0), (1, 0), (0, 5), (1, 1), (0, 1), (1, 2), (0, 4), (1, 3), (0, 3), (1, 0), (0, 1), (1, 5), (0, 0), (1, 1), (0, 3), (1, 3), (0, 1), (1, 2), (0, 2), (1, 4), (0, 5), (1, 0), (0, 0), (1, 4), (0, 3), (1, 4), (0, 4), (1, 1), (0, 5), (1, 2), (0, 1), (1, 3), (0, 2), (1, 5), (0, 3), (1, 0), (0, 4), (1, 1), (0, 5), (1, 0)]
Scores = 28 , 18
Plateau (2, 6): 


     | 0 | 1 | 2 | 3 | 4 | 5 | 
------------------------------
  0  | 0 | 0 | 0 | 0 | 0 | 0 | 
------------------------------
  1  | 0 | 0 | 1 | 0 | 0 | 1 | 
------------------------------


Joueur 1, a vous de jouer
Le gagnant est: 1
(27, 18)
Coup joue = [(0, 3), (1, 5), (0, 0), (1, 4), (0, 0), (1, 0), (0, 0), (1, 1), (0, 1), (1, 5), (0, 3), (1, 3), (0, 5), (1, 5), (0, 4), (1, 1), (0, 1), (1, 5), (0, 3), (1, 2), (0, 2), (1, 0), (0, 5), (1, 5), (0, 4), (1, 3), (0, 3), (1, 5), (0, 4), (1, 4), (0, 2), (1, 2), (0, 5), (1, 0), (0, 0), (1, 5), (0, 3), (1, 1), (0, 4), (1, 0), (0, 0), (1, 4), (0, 1), (1, 3), (0, 5), (1, 2), (0, 3), (1, 5), (0, 4), (1, 0), (0, 5), (1, 5), (0, 2), (1, 1), (0, 0), (1, 0), (0, 3), (1, 4), (0, 0), (1, 2), (0, 1), (1, 3), (0, 2), (1, 1), (0, 3), (1, 0), (0, 4), (1, 5), (0, 5), (1, 5), (0, 0), (1, 4), (0, 1), (1, 3), (0, 2), (1, 2), (0, 3), (1, 1), (0, 4), (1, 0), (0, 0)]
Scores = 27 , 18
Plateau (2, 6): 


     | 0 | 1 | 2 | 3 | 4 | 5 | 
------------------------------
  0  | 0 | 2 | 0 | 0 | 0 | 1 | 
------------------------------
  1  | 0 | 0 | 0 | 0 | 0 | 0 | 
------------------------------


Joueur 2, a vous de jouer
Le gagnant est: 1
(18, 25)
Coup joue = [(0, 0), (1, 5), (0, 1), (1, 2), (0, 5), (1, 3), (0, 4), (1, 4), (0, 0), (1, 2), (0, 3), (1, 0), (0, 2), (1, 0), (0, 4), (1, 1), (0, 1), (1, 4), (0, 4), (1, 2), (0, 0), (1, 3), (0, 1), (1, 0), (0, 2), (1, 2), (0, 5), (1, 1), (0, 4), (1, 5), (0, 3), (1, 0), (0, 0), (1, 4), (0, 1), (1, 3), (0, 4), (1, 2), (0, 2), (1, 1), (0, 3), (1, 0), (0, 0)]
Scores = 18 , 25
Plateau (2, 6): 


     | 0 | 1 | 2 | 3 | 4 | 5 | 
------------------------------
  0  | 0 | 2 | 0 | 0 | 1 | 2 | 
------------------------------
  1  | 0 | 0 | 0 | 0 | 0 | 0 | 
------------------------------


Joueur 2, a vous de jouer
Le gagnant est: 2
(27, 17)
Coup joue = [(0, 5), (1, 2), (0, 0), (1, 5), (0, 1), (1, 4), (0, 4), (1, 1), (0, 5), (1, 0), (0, 0), (1, 3), (0, 4), (1, 2), (0, 5), (1, 0), (0, 3), (1, 0), (0, 5), (1, 2), (0, 2), (1, 0), (0, 5), (1, 4), (0, 1), (1, 2), (0, 3), (1, 3), (0, 4), (1, 5), (0, 5), (1, 1), (0, 2), (1, 5), (0, 3), (1, 4), (0, 4), (1, 0), (0, 5), (1, 2), (0, 0), (1, 5), (0, 1), (1, 4), (0, 2), (1, 3), (0, 3), (1, 2), (0, 4), (1, 1), (0, 0), (1, 0), (0, 0)]
Scores = 27 , 17
Plateau (2, 6): 


     | 0 | 1 | 2 | 3 | 4 | 5 | 
------------------------------
  0  | 0 | 3 | 0 | 0 | 0 | 1 | 
------------------------------
  1  | 0 | 0 | 0 | 0 | 0 | 0 | 
------------------------------


Joueur 2, a vous de jouer
Le gagnant est: 1
(29, 17)
Coup joue = [(0, 3), (1, 4), (0, 5), (1, 5), (0, 2), (1, 3), (0, 2), (1, 2), (0, 1), (1, 0), (0, 1), (1, 1), (0, 1), (1, 5), (0, 2), (1, 3), (0, 4), (1, 5), (0, 1), (1, 4), (0, 5), (1, 1), (0, 0), (1, 1), (0, 1), (1, 0), (0, 2), (1, 4), (0, 3), (1, 4), (0, 0), (1, 3), (0, 4), (1, 2), (0, 5), (1, 2), (0, 1), (1, 3), (0, 2), (1, 2), (0, 3), (1, 1), (0, 1), (1, 0)]
Scores = 29 , 17
Plateau (2, 6): 


     | 0 | 1 | 2 | 3 | 4 | 5 | 
------------------------------
  0  | 0 | 0 | 1 | 0 | 1 | 0 | 
------------------------------
  1  | 0 | 0 | 0 | 0 | 0 | 0 | 
------------------------------


Joueur 1, a vous de jouer
Le gagnant est: 1
(20, 24)
Coup joue = [(0, 1), (1, 4), (0, 2), (1, 5), (0, 0), (1, 1), (0, 4), (1, 0), (0, 5), (1, 3), (0, 3), (1, 3), (0, 4), (1, 5), (0, 5), (1, 2), (0, 4), (1, 4), (0, 3), (1, 5), (0, 4), (1, 1), (0, 5), (1, 5), (0, 2), (1, 0), (0, 1), (1, 3), (0, 2), (1, 2), (0, 3), (1, 1), (0, 5), (1, 4), (0, 4), (1, 5), (0, 5), (1, 0), (0, 1), (1, 3), (0, 2), (1, 5), (0, 3), (1, 4), (0, 4), (1, 2), (0, 5), (1, 5)]
Scores = 20 , 24
Plateau (2, 6): 


     | 0 | 1 | 2 | 3 | 4 | 5 | 
------------------------------
  0  | 0 | 0 | 0 | 0 | 0 | 0 | 
------------------------------
  1  | 1 | 1 | 0 | 1 | 1 | 0 | 
------------------------------


Joueur 1, a vous de jouer
Le gagnant est: 2
(13, 31)
Coup joue = [(0, 3), (1, 1), (0, 1), (1, 2), (0, 2), (1, 5), (0, 3), (1, 2), (0, 0), (1, 1), (0, 5), (1, 1), (0, 1), (1, 3), (0, 4), (1, 5), (0, 5), (1, 5), (0, 1), (1, 0), (0, 4), (1, 2), (0, 5), (1, 3), (0, 2), (1, 3), (0, 4), (1, 2), (0, 3), (1, 0), (0, 5), (1, 1), (0, 4), (1, 0), (0, 0), (1, 4), (0, 4), (1, 2), (0, 5), (1, 0), (0, 0), (1, 1), (0, 2), (1, 3), (0, 0), (1, 2), (0, 1), (1, 1), (0, 2), (1, 0)]
Scores = 13 , 31
Plateau (2, 6): 


     | 0 | 1 | 2 | 3 | 4 | 5 | 
------------------------------
  0  | 0 | 1 | 0 | 3 | 0 | 0 | 
------------------------------
  1  | 0 | 0 | 0 | 0 | 0 | 0 | 
------------------------------


Joueur 1, a vous de jouer
Le gagnant est: 2
(18, 25)
Coup joue = [(0, 2), (1, 0), (0, 5), (1, 4), (0, 0), (1, 2), (0, 3), (1, 5), (0, 1), (1, 1), (0, 0), (1, 0), (0, 4), (1, 0), (0, 1), (1, 1), (0, 2), (1, 2), (0, 5), (1, 5), (0, 3), (1, 3), (0, 3), (1, 5), (0, 1), (1, 1), (0, 4), (1, 0), (0, 5), (1, 2), (0, 1), (1, 0), (0, 2), (1, 1), (0, 3), (1, 4), (0, 4), (1, 0), (0, 0), (1, 2), (0, 1), (1, 3), (0, 5), (1, 2), (0, 2), (1, 1), (0, 0), (1, 0), (0, 1)]
Scores = 18 , 25
Plateau (2, 6): 


     | 0 | 1 | 2 | 3 | 4 | 5 | 
------------------------------
  0  | 1 | 0 | 1 | 3 | 0 | 0 | 
------------------------------
  1  | 0 | 0 | 0 | 0 | 0 | 0 | 
------------------------------


Joueur 2, a vous de jouer
Le gagnant est: 2
(29, 18)
Coup joue = [(0, 4), (1, 5), (0, 5), (1, 0), (0, 4), (1, 4), (0, 5), (1, 2), (0, 0), (1, 3), (0, 1), (1, 1), (0, 3), (1, 1), (0, 5), (1, 5), (0, 2), (1, 1), (0, 0), (1, 5), (0, 1), (1, 3), (0, 4), (1, 0), (0, 1), (1, 4), (0, 0), (1, 3), (0, 5), (1, 3), (0, 1), (1, 4), (0, 4), (1, 3), (0, 5), (1, 2), (0, 2), (1, 0), (0, 0), (1, 5), (0, 1), (1, 4), (0, 4), (1, 1), (0, 2), (1, 0), (0, 0), (1, 3), (0, 1), (1, 2), (0, 3), (1, 1), (0, 5), (1, 5), (0, 2), (1, 4), (0, 3), (1, 0), (0, 4), (1, 2), (0, 0), (1, 5), (0, 1), (1, 3), (0, 2), (1, 4), (0, 3), (1, 3), (0, 5), (1, 2), (0, 4), (1, 0), (0, 0), (1, 1), (0, 5), (1, 0)]
Scores = 29 , 18
Plateau (2, 6): 


     | 0 | 1 | 2 | 3 | 4 | 5 | 
------------------------------
  0  | 0 | 1 | 0 | 0 | 0 | 0 | 
------------------------------
  1  | 0 | 0 | 0 | 0 | 0 | 0 | 
------------------------------


Joueur 1, a vous de jouer
Le gagnant est: 1
(15, 26)
Coup joue = [(0, 4), (1, 2), (0, 0), (1, 4), (0, 1), (1, 2), (0, 0), (1, 5), (0, 4), (1, 2), (0, 2), (1, 3), (0, 3), (1, 5), (0, 4), (1, 1), (0, 1), (1, 2), (0, 3), (1, 0), (0, 3), (1, 5), (0, 4), (1, 1), (0, 5), (1, 1), (0, 4), (1, 3), (0, 5), (1, 1), (0, 3), (1, 0), (0, 2), (1, 2), (0, 1), (1, 1), (0, 0), (1, 4), (0, 0), (1, 1), (0, 3), (1, 5), (0, 1), (1, 4), (0, 2), (1, 2), (0, 3), (1, 3), (0, 4), (1, 4), (0, 5)]
Scores = 15 , 26
Plateau (2, 6): 


     | 0 | 1 | 2 | 3 | 4 | 5 | 
------------------------------
  0  | 0 | 0 | 0 | 0 | 0 | 0 | 
------------------------------
  1  | 3 | 2 | 1 | 1 | 0 | 0 | 
------------------------------


Joueur 2, a vous de jouer
Le gagnant est: 2
(13, 33)
Coup joue = [(0, 0), (1, 1), (0, 3), (1, 0), (0, 2), (1, 5), (0, 5), (1, 5), (0, 4), (1, 0), (0, 5), (1, 2), (0, 0), (1, 3), (0, 1), (1, 4), (0, 1), (1, 0), (0, 2), (1, 1), (0, 1), (1, 3), (0, 2), (1, 1), (0, 4), (1, 5), (0, 5), (1, 5), (0, 3), (1, 3), (0, 4), (1, 0), (0, 0), (1, 4), (0, 1), (1, 3), (0, 3), (1, 2), (0, 5), (1, 5), (0, 1), (1, 0), (0, 4), (1, 4), (0, 2), (1, 3), (0, 5), (1, 5), (0, 3), (1, 1), (0, 4), (1, 0), (0, 5), (1, 4), (0, 0), (1, 2), (0, 1), (1, 3), (0, 2), (1, 1), (0, 3), (1, 0), (0, 4), (1, 2), (0, 5), (1, 1), (0, 0), (1, 0), (0, 0)]
Scores = 13 , 33
Plateau (2, 6): 


     | 0 | 1 | 2 | 3 | 4 | 5 | 
------------------------------
  0  | 0 | 2 | 0 | 0 | 0 | 0 | 
------------------------------
  1  | 0 | 0 | 0 | 0 | 0 | 0 | 
------------------------------


Joueur 2, a vous de jouer
Le gagnant est: 2
(20, 23)
Coup joue = [(0, 4), (1, 4), (0, 0), (1, 3), (0, 3), (1, 0), (0, 5), (1, 2), (0, 4), (1, 1), (0, 3), (1, 5), (0, 1), (1, 0), (0, 2), (1, 0), (0, 3), (1, 3), (0, 5), (1, 3), (0, 4), (1, 4), (0, 5), (1, 5), (0, 1), (1, 2), (0, 3), (1, 1), (0, 2), (1, 4), (0, 4), (1, 0), (0, 3), (1, 3), (0, 4), (1, 1), (0, 5), (1, 5)]
Scores = 20 , 23
Plateau (2, 6): 


     | 0 | 1 | 2 | 3 | 4 | 5 | 
------------------------------
  0  | 0 | 0 | 0 | 0 | 0 | 0 | 
------------------------------
  1  | 2 | 0 | 1 | 0 | 2 | 0 | 
------------------------------


Joueur 1, a vous de jouer
Le gagnant est: 2
(9, 25)
Coup joue = [(0, 0), (1, 0), (0, 4), (1, 1), (0, 3), (1, 5), (0, 0), (1, 1), (0, 2), (1, 5), (0, 5), (1, 3), (0, 5), (1, 1), (0, 1), (1, 1), (0, 3), (1, 5), (0, 4), (1, 3), (0, 0), (1, 5), (0, 1), (1, 0), (0, 1), (1, 2), (0, 1), (1, 5), (0, 5), (1, 3), (0, 2), (1, 0), (0, 5), (1, 4), (0, 2), (1, 2), (0, 1), (1, 3), (0, 2), (1, 5), (0, 3), (1, 4), (0, 4), (1, 2), (0, 5), (1, 5)]
Scores = 9 , 25
Plateau (2, 6): 


     | 0 | 1 | 2 | 3 | 4 | 5 | 
------------------------------
  0  | 0 | 0 | 0 | 0 | 0 | 0 | 
------------------------------
  1  | 4 | 8 | 0 | 0 | 2 | 0 | 
------------------------------


Joueur 1, a vous de jouer
Le gagnant est: 2
(29, 16)
Coup joue = [(0, 3), (1, 4), (0, 0), (1, 1), (0, 2), (1, 0), (0, 2), (1, 2), (0, 2), (1, 0), (0, 3), (1, 5), (0, 5), (1, 3), (0, 3), (1, 2), (0, 4), (1, 2), (0, 2), (1, 3), (0, 1), (1, 3), (0, 4), (1, 0), (0, 2), (1, 2), (0, 3), (1, 4), (0, 4), (1, 3), (0, 5), (1, 5)]
Scores = 29 , 16
Plateau (2, 6): 


     | 0 | 1 | 2 | 3 | 4 | 5 | 
------------------------------
  0  | 0 | 0 | 0 | 0 | 0 | 0 | 
------------------------------
  1  | 0 | 0 | 0 | 1 | 2 | 0 | 
------------------------------


Joueur 1, a vous de jouer
Le gagnant est: 1
(11, 34)
Coup joue = [(0, 1), (1, 4), (0, 4), (1, 5), (0, 3), (1, 2), (0, 0), (1, 5), (0, 5), (1, 5), (0, 2), (1, 5), (0, 3), (1, 3), (0, 3), (1, 1), (0, 3), (1, 2), (0, 1), (1, 0), (0, 1), (1, 3), (0, 2), (1, 5), (0, 3), (1, 1), (0, 0), (1, 0), (0, 0), (1, 3), (0, 4), (1, 3), (0, 1), (1, 5), (0, 3), (1, 1), (0, 2), (1, 0), (0, 4), (1, 5), (0, 3), (1, 4), (0, 0), (1, 1), (0, 2), (1, 2), (0, 2), (1, 0), (0, 1), (1, 3), (0, 3), (1, 2), (0, 4), (1, 1), (0, 5), (1, 4), (0, 2), (1, 5), (0, 0), (1, 0), (0, 1), (1, 3), (0, 3), (1, 4), (0, 0), (1, 3), (0, 2), (1, 2), (0, 1), (1, 1), (0, 4), (1, 5), (0, 5), (1, 4), (0, 2), (1, 5), (0, 3), (1, 0), (0, 4), (1, 3), (0, 5), (1, 5), (0, 1), (1, 4), (0, 2), (1, 2), (0, 3), (1, 3), (0, 4), (1, 1), (0, 5), (1, 5)]
Scores = 11 , 34
Plateau (2, 6): 


     | 0 | 1 | 2 | 3 | 4 | 5 | 
------------------------------
  0  | 0 | 0 | 0 | 0 | 0 | 0 | 
------------------------------
  1  | 1 | 0 | 1 | 0 | 1 | 0 | 
------------------------------


Joueur 1, a vous de jouer
Le gagnant est: 2
(11, 31)
Coup joue = [(0, 1), (1, 2), (0, 3), (1, 3), (0, 0), (1, 0), (0, 2), (1, 4), (0, 4), (1, 1), (0, 2), (1, 0), (0, 5), (1, 2), (0, 4), (1, 0), (0, 2), (1, 3), (0, 5), (1, 2), (0, 3), (1, 5), (0, 0), (1, 3), (0, 1), (1, 0), (0, 3), (1, 2), (0, 2), (1, 1), (0, 1), (1, 4), (0, 2), (1, 0), (0, 0), (1, 3), (0, 3), (1, 2), (0, 1), (1, 1), (0, 3), (1, 0), (0, 0)]
Scores = 11 , 31
Plateau (2, 6): 


     | 0 | 1 | 2 | 3 | 4 | 5 | 
------------------------------
  0  | 0 | 2 | 1 | 0 | 3 | 0 | 
------------------------------
  1  | 0 | 0 | 0 | 0 | 0 | 0 | 
------------------------------


Joueur 2, a vous de jouer
Le gagnant est: 2
(14, 31)
Coup joue = [(0, 2), (1, 0), (0, 3), (1, 4), (0, 2), (1, 0), (0, 0), (1, 1), (0, 1), (1, 5), (0, 3), (1, 2), (0, 5), (1, 3), (0, 4), (1, 0), (0, 4), (1, 3), (0, 5), (1, 5)]
Scores = 14 , 31
Plateau (2, 6): 


     | 0 | 1 | 2 | 3 | 4 | 5 | 
------------------------------
  0  | 0 | 0 | 0 | 0 | 0 | 0 | 
------------------------------
  1  | 0 | 0 | 1 | 0 | 2 | 0 | 
------------------------------


Joueur 1, a vous de jouer
Le gagnant est: 2
(27, 17)
Coup joue = [(0, 3), (1, 1), (0, 5), (1, 3), (0, 2), (1, 5), (0, 5), (1, 0), (0, 0), (1, 2), (0, 5), (1, 1), (0, 4), (1, 4), (0, 1), (1, 4), (0, 2), (1, 3), (0, 4), (1, 4), (0, 3), (1, 3), (0, 5), (1, 5), (0, 4), (1, 4), (0, 0), (1, 3), (0, 1), (1, 1), (0, 5), (1, 5), (0, 2), (1, 4), (0, 3), (1, 2), (0, 0), (1, 0), (0, 4), (1, 1), (0, 5), (1, 5), (0, 0), (1, 3), (0, 1), (1, 2), (0, 2), (1, 1), (0, 3), (1, 4), (0, 4), (1, 3), (0, 5), (1, 5)]
Scores = 27 , 17
Plateau (2, 6): 


     | 0 | 1 | 2 | 3 | 4 | 5 | 
------------------------------
  0  | 0 | 0 | 0 | 0 | 0 | 0 | 
------------------------------
  1  | 2 | 0 | 1 | 0 | 1 | 0 | 
------------------------------


Joueur 1, a vous de jouer
Le gagnant est: 1
(18, 26)
Coup joue = [(0, 0), (1, 1), (0, 2), (1, 5), (0, 1), (1, 3), (0, 3), (1, 2), (0, 4), (1, 2), (0, 2), (1, 0), (0, 2), (1, 5), (0, 5), (1, 2), (0, 4), (1, 1), (0, 5), (1, 4), (0, 5), (1, 3), (0, 4), (1, 1), (0, 0), (1, 0), (0, 3), (1, 2), (0, 4), (1, 0), (0, 5), (1, 1), (0, 2), (1, 4), (0, 3), (1, 5), (0, 4), (1, 0), (0, 0), (1, 4), (0, 1), (1, 3), (0, 5), (1, 5), (0, 2), (1, 1), (0, 3), (1, 2), (0, 4), (1, 4), (0, 5), (1, 5)]
Scores = 18 , 26
Plateau (2, 6): 


     | 0 | 1 | 2 | 3 | 4 | 5 | 
------------------------------
  0  | 0 | 0 | 0 | 0 | 0 | 0 | 
------------------------------
  1  | 1 | 1 | 0 | 1 | 1 | 0 | 
------------------------------


Joueur 1, a vous de jouer
Le gagnant est: 2
(20, 22)
Coup joue = [(0, 2), (1, 0), (0, 0), (1, 5), (0, 1), (1, 3), (0, 0), (1, 0), (0, 3), (1, 1), (0, 2), (1, 3), (0, 3), (1, 2), (0, 0), (1, 4), (0, 5), (1, 4), (0, 3), (1, 3), (0, 5), (1, 5), (0, 2), (1, 4), (0, 4), (1, 0), (0, 4), (1, 1), (0, 0), (1, 0), (0, 0)]
Scores = 20 , 22
Plateau (2, 6): 


     | 0 | 1 | 2 | 3 | 4 | 5 | 
------------------------------
  0  | 0 | 2 | 1 | 1 | 1 | 1 | 
------------------------------
  1  | 0 | 0 | 0 | 0 | 0 | 0 | 
------------------------------


Joueur 2, a vous de jouer
Le gagnant est: 2
(26, 18)
Coup joue = [(0, 3), (1, 3), (0, 1), (1, 4), (0, 2), (1, 2), (0, 2), (1, 1), (0, 5), (1, 0), (0, 0), (1, 5), (0, 4), (1, 5), (0, 1), (1, 4), (0, 5), (1, 4), (0, 2), (1, 5), (0, 3), (1, 4), (0, 4), (1, 3), (0, 0), (1, 1), (0, 2), (1, 0), (0, 0), (1, 5), (0, 5), (1, 5), (0, 3), (1, 4), (0, 1), (1, 2), (0, 2), (1, 1), (0, 3), (1, 3), (0, 4), (1, 2), (0, 5)]
Scores = 26 , 18
Plateau (2, 6): 


     | 0 | 1 | 2 | 3 | 4 | 5 | 
------------------------------
  0  | 0 | 0 | 0 | 0 | 0 | 0 | 
------------------------------
  1  | 2 | 1 | 0 | 0 | 1 | 0 | 
------------------------------


Joueur 2, a vous de jouer
Le gagnant est: 1
(17, 29)
Coup joue = [(0, 3), (1, 4), (0, 0), (1, 5), (0, 1), (1, 1), (0, 4), (1, 0), (0, 5), (1, 2), (0, 5), (1, 5), (0, 2), (1, 2), (0, 0), (1, 5), (0, 4), (1, 3), (0, 0), (1, 0), (0, 2), (1, 2), (0, 4), (1, 1), (0, 5), (1, 0), (0, 0), (1, 5), (0, 3), (1, 4), (0, 1), (1, 2), (0, 4), (1, 1), (0, 2), (1, 0), (0, 3), (1, 3), (0, 5), (1, 2), (0, 0), (1, 5), (0, 4), (1, 4), (0, 5), (1, 5), (0, 1), (1, 4), (0, 2), (1, 3), (0, 3), (1, 1), (0, 4), (1, 2), (0, 0), (1, 0), (0, 1), (1, 1), (0, 2), (1, 0)]
Scores = 17 , 29
Plateau (2, 6): 


     | 0 | 1 | 2 | 3 | 4 | 5 | 
------------------------------
  0  | 0 | 0 | 0 | 1 | 0 | 1 | 
------------------------------
  1  | 0 | 0 | 0 | 0 | 0 | 0 | 
------------------------------


Joueur 1, a vous de jouer
Le gagnant est: 2
(19, 29)
Coup joue = [(0, 0), (1, 3), (0, 0), (1, 0), (0, 1), (1, 2), (0, 4), (1, 2), (0, 2), (1, 1), (0, 5), (1, 1), (0, 1), (1, 0), (0, 2), (1, 4), (0, 2), (1, 3), (0, 1), (1, 5), (0, 1), (1, 2), (0, 0), (1, 4), (0, 2), (1, 3), (0, 1), (1, 2), (0, 3), (1, 2), (0, 0), (1, 3), (0, 4), (1, 4), (0, 2), (1, 5), (0, 4), (1, 3), (0, 5), (1, 5), (0, 1), (1, 4), (0, 3), (1, 1), (0, 1), (1, 3), (0, 0), (1, 0), (0, 4), (1, 2), (0, 5), (1, 5), (0, 0), (1, 4), (0, 1), (1, 1), (0, 0), (1, 0), (0, 1), (1, 3), (0, 2), (1, 2), (0, 3), (1, 1), (0, 4), (1, 0), (0, 5)]
Scores = 19 , 29
Plateau (2, 6): 


     | 0 | 1 | 2 | 3 | 4 | 5 | 
------------------------------
  0  | 0 | 0 | 0 | 0 | 0 | 0 | 
------------------------------
  1  | 0 | 0 | 0 | 0 | 0 | 0 | 
------------------------------


Joueur 2, a vous de jouer
Le gagnant est: 2
(22, 24)
Coup joue = [(0, 0), (1, 5), (0, 2), (1, 1), (0, 1), (1, 3), (0, 5), (1, 0), (0, 3), (1, 1), (0, 5), (1, 4), (0, 4), (1, 0), (0, 5), (1, 2), (0, 5), (1, 4), (0, 2), (1, 0), (0, 3), (1, 3), (0, 1), (1, 2), (0, 5), (1, 5), (0, 4), (1, 4), (0, 5), (1, 1), (0, 2), (1, 0), (0, 3), (1, 3), (0, 4), (1, 2), (0, 5), (1, 5)]
Scores = 22 , 24
Plateau (2, 6): 


     | 0 | 1 | 2 | 3 | 4 | 5 | 
------------------------------
  0  | 0 | 0 | 0 | 0 | 0 | 0 | 
------------------------------
  1  | 0 | 1 | 0 | 0 | 1 | 0 | 
------------------------------


Joueur 1, a vous de jouer
Le gagnant est: 2
(30, 14)
Coup joue = [(0, 4), (1, 1), (0, 5), (1, 1), (0, 2), (1, 4), (0, 4), (1, 1), (0, 5), (1, 5), (0, 3), (1, 5), (0, 4), (1, 2), (0, 0), (1, 1), (0, 3), (1, 0), (0, 4), (1, 3), (0, 2), (1, 2), (0, 3), (1, 0), (0, 0), (1, 4), (0, 4), (1, 1), (0, 1), (1, 1), (0, 0), (1, 2), (0, 3), (1, 4), (0, 2), (1, 0), (0, 5), (1, 4), (0, 3), (1, 2), (0, 1), (1, 3), (0, 4), (1, 0), (0, 3), (1, 4), (0, 4), (1, 3), (0, 5), (1, 2), (0, 2), (1, 4), (0, 4), (1, 1), (0, 0), (1, 0), (0, 3), (1, 3), (0, 5), (1, 2), (0, 0), (1, 5), (0, 1), (1, 1), (0, 2), (1, 4), (0, 3), (1, 3), (0, 0), (1, 0), (0, 5), (1, 5), (0, 0), (1, 4), (0, 1), (1, 2), (0, 4), (1, 1), (0, 3), (1, 0), (0, 5), (1, 3), (0, 4), (1, 2), (0, 0), (1, 1), (0, 2), (1, 0), (0, 0)]
Scores = 30 , 14
Plateau (2, 6): 


     | 0 | 1 | 2 | 3 | 4 | 5 | 
------------------------------
  0  | 0 | 2 | 0 | 1 | 0 | 1 | 
------------------------------
  1  | 0 | 0 | 0 | 0 | 0 | 0 | 
------------------------------


Joueur 2, a vous de jouer
Le gagnant est: 1
(14, 31)
Coup joue = [(0, 5), (1, 0), (0, 2), (1, 1), (0, 3), (1, 2), (0, 0), (1, 4), (0, 4), (1, 0), (0, 2), (1, 4), (0, 5), (1, 4), (0, 1), (1, 5), (0, 3), (1, 3), (0, 2), (1, 0), (0, 0), (1, 5), (0, 2), (1, 4), (0, 3), (1, 3), (0, 1), (1, 5), (0, 4), (1, 2), (0, 3), (1, 4), (0, 4), (1, 0), (0, 5), (1, 1), (0, 0), (1, 4), (0, 4), (1, 3), (0, 2), (1, 5), (0, 5), (1, 4), (0, 1), (1, 3), (0, 3), (1, 2), (0, 5), (1, 0), (0, 2), (1, 1), (0, 3), (1, 0)]
Scores = 14 , 31
Plateau (2, 6): 


     | 0 | 1 | 2 | 3 | 4 | 5 | 
------------------------------
  0  | 0 | 1 | 0 | 0 | 2 | 0 | 
------------------------------
  1  | 0 | 0 | 0 | 0 | 0 | 0 | 
------------------------------


Joueur 1, a vous de jouer
Le gagnant est: 2
(12, 32)
Coup joue = [(0, 3), (1, 5), (0, 2), (1, 4), (0, 1), (1, 0), (0, 0), (1, 1), (0, 4), (1, 4), (0, 1), (1, 1), (0, 2), (1, 2), (0, 1), (1, 1), (0, 5), (1, 0), (0, 2), (1, 1), (0, 3), (1, 0), (0, 0), (1, 4), (0, 4), (1, 3), (0, 2), (1, 2), (0, 3), (1, 0), (0, 1), (1, 5), (0, 2), (1, 3), (0, 4), (1, 2), (0, 5), (1, 1), (0, 0), (1, 0), (0, 0)]
Scores = 12 , 32
Plateau (2, 6): 


     | 0 | 1 | 2 | 3 | 4 | 5 | 
------------------------------
  0  | 0 | 3 | 0 | 1 | 0 | 0 | 
------------------------------
  1  | 0 | 0 | 0 | 0 | 0 | 0 | 
------------------------------


Joueur 2, a vous de jouer
Le gagnant est: 2
(18, 28)
Coup joue = [(0, 1), (1, 4), (0, 3), (1, 1), (0, 5), (1, 3), (0, 2), (1, 1), (0, 5), (1, 3), (0, 0), (1, 2), (0, 0), (1, 5), (0, 4), (1, 5), (0, 3), (1, 0), (0, 3), (1, 2), (0, 0), (1, 3), (0, 3), (1, 2), (0, 4), (1, 1), (0, 2), (1, 0)]
Scores = 18 , 28
Plateau (2, 6): 


     | 0 | 1 | 2 | 3 | 4 | 5 | 
------------------------------
  0  | 0 | 0 | 0 | 1 | 0 | 1 | 
------------------------------
  1  | 0 | 0 | 0 | 0 | 0 | 0 | 
------------------------------


Joueur 1, a vous de jouer
Le gagnant est: 2
(8, 25)
Coup joue = [(0, 3), (1, 5), (0, 5), (1, 3), (0, 1), (1, 1), (0, 4), (1, 5), (0, 2), (1, 4), (0, 0), (1, 3), (0, 4), (1, 0), (0, 4), (1, 3), (0, 5), (1, 1)]
Scores = 8 , 25
Plateau (2, 6): 


     | 0 | 1 | 2 | 3 | 4 | 5 | 
------------------------------
  0  | 0 | 0 | 0 | 0 | 0 | 0 | 
------------------------------
  1  | 1 | 0 | 12 | 0 | 2 | 0 | 
------------------------------


Joueur 1, a vous de jouer
Le gagnant est: 2
(8, 38)
Coup joue = [(0, 1), (1, 2), (0, 0), (1, 0), (0, 5), (1, 0), (0, 4), (1, 3), (0, 2), (1, 3), (0, 5), (1, 1), (0, 5), (1, 0), (0, 3), (1, 1), (0, 0), (1, 5), (0, 0), (1, 1), (0, 1), (1, 0), (0, 0), (1, 3), (0, 1), (1, 1), (0, 3), (1, 0), (0, 2), (1, 4), (0, 1), (1, 0), (0, 2), (1, 3), (0, 4), (1, 5), (0, 0), (1, 2), (0, 5), (1, 0), (0, 3), (1, 5), (0, 4), (1, 1), (0, 0), (1, 0), (0, 1), (1, 4), (0, 2), (1, 3), (0, 3), (1, 2), (0, 4), (1, 1), (0, 5), (1, 0)]
Scores = 8 , 38
Plateau (2, 6): 


     | 0 | 1 | 2 | 3 | 4 | 5 | 
------------------------------
  0  | 0 | 0 | 0 | 0 | 0 | 0 | 
------------------------------
  1  | 0 | 0 | 0 | 0 | 1 | 1 | 
------------------------------


Joueur 1, a vous de jouer
Le gagnant est: 2
(14, 29)
Coup joue = [(0, 4), (1, 5), (0, 3), (1, 2), (0, 2), (1, 0), (0, 5), (1, 4), (0, 4), (1, 0), (0, 1), (1, 1), (0, 0), (1, 0), (0, 2), (1, 2), (0, 5), (1, 3), (0, 2), (1, 1), (0, 0), (1, 5), (0, 1), (1, 2), (0, 2), (1, 0), (0, 1), (1, 1), (0, 2), (1, 0), (0, 5), (1, 4), (0, 3), (1, 4), (0, 4), (1, 3), (0, 5), (1, 5)]
Scores = 14 , 29
Plateau (2, 6): 


     | 0 | 1 | 2 | 3 | 4 | 5 | 
------------------------------
  0  | 0 | 0 | 0 | 0 | 0 | 0 | 
------------------------------
  1  | 1 | 1 | 1 | 0 | 2 | 0 | 
------------------------------


Joueur 1, a vous de jouer
Le gagnant est: 2
(28, 15)
Coup joue = [(0, 0), (1, 5), (0, 3), (1, 2), (0, 0), (1, 1), (0, 3), (1, 4), (0, 2), (1, 3), (0, 5), (1, 5), (0, 2), (1, 0), (0, 1), (1, 2), (0, 3), (1, 0), (0, 4), (1, 2), (0, 3), (1, 4), (0, 0), (1, 3), (0, 2), (1, 2), (0, 5), (1, 2), (0, 4), (1, 4), (0, 1), (1, 3), (0, 2), (1, 2), (0, 5), (1, 5), (0, 3), (1, 4), (0, 4), (1, 1), (0, 1), (1, 3), (0, 0), (1, 5), (0, 1), (1, 4), (0, 4), (1, 0), (0, 5), (1, 3), (0, 1), (1, 2), (0, 3), (1, 1), (0, 4), (1, 5), (0, 5), (1, 0), (0, 1), (1, 4), (0, 2), (1, 4), (0, 5), (1, 5), (0, 4), (1, 3), (0, 5), (1, 5), (0, 3), (1, 4), (0, 4), (1, 2), (0, 5), (1, 5)]
Scores = 28 , 15
Plateau (2, 6): 


     | 0 | 1 | 2 | 3 | 4 | 5 | 
------------------------------
  0  | 0 | 0 | 0 | 0 | 0 | 0 | 
------------------------------
  1  | 1 | 2 | 0 | 1 | 1 | 0 | 
------------------------------


Joueur 1, a vous de jouer
Le gagnant est: 1
(22, 23)
Coup joue = [(0, 0), (1, 4), (0, 2), (1, 4), (0, 5), (1, 1), (0, 3), (1, 2), (0, 3), (1, 3), (0, 4), (1, 5), (0, 3), (1, 1), (0, 0), (1, 4), (0, 1), (1, 0), (0, 5), (1, 3), (0, 0), (1, 0), (0, 2), (1, 2), (0, 4), (1, 4), (0, 0), (1, 5), (0, 3), (1, 3), (0, 5), (1, 5), (0, 4), (1, 2), (0, 5), (1, 4), (0, 1), (1, 3), (0, 2), (1, 1), (0, 1), (1, 2), (0, 2), (1, 5), (0, 3), (1, 4), (0, 5), (1, 0), (0, 4), (1, 1), (0, 5), (1, 5)]
Scores = 22 , 23
Plateau (2, 6): 


     | 0 | 1 | 2 | 3 | 4 | 5 | 
------------------------------
  0  | 0 | 0 | 0 | 0 | 0 | 0 | 
------------------------------
  1  | 1 | 0 | 0 | 1 | 1 | 0 | 
------------------------------


Joueur 1, a vous de jouer
Le gagnant est: 2
(18, 28)
Coup joue = [(0, 4), (1, 1), (0, 2), (1, 5), (0, 3), (1, 5), (0, 0), (1, 4), (0, 1), (1, 4), (0, 0), (1, 0), (0, 0), (1, 1), (0, 4), (1, 4), (0, 1), (1, 1), (0, 2), (1, 2), (0, 4), (1, 3), (0, 3), (1, 5), (0, 5), (1, 3), (0, 2), (1, 4), (0, 4), (1, 3), (0, 3), (1, 4), (0, 4), (1, 0), (0, 4), (1, 2), (0, 0), (1, 1), (0, 5), (1, 2), (0, 0), (1, 1), (0, 2), (1, 0), (0, 3), (1, 4), (0, 2), (1, 3), (0, 5), (1, 2), (0, 4), (1, 1), (0, 3), (1, 5), (0, 4), (1, 0), (0, 5), (1, 5), (0, 0), (1, 4), (0, 1), (1, 3), (0, 2), (1, 2), (0, 3), (1, 1), (0, 4), (1, 0), (0, 0)]
Scores = 18 , 28
Plateau (2, 6): 


     | 0 | 1 | 2 | 3 | 4 | 5 | 
------------------------------
  0  | 0 | 1 | 0 | 0 | 0 | 1 | 
------------------------------
  1  | 0 | 0 | 0 | 0 | 0 | 0 | 
------------------------------


Joueur 2, a vous de jouer
Le gagnant est: 2
(20, 24)
Coup joue = [(0, 5), (1, 1), (0, 4), (1, 2), (0, 2), (1, 5), (0, 0), (1, 2), (0, 4), (1, 0), (0, 3), (1, 3), (0, 1), (1, 3), (0, 2), (1, 2), (0, 5), (1, 3), (0, 3), (1, 4), (0, 4), (1, 0), (0, 3), (1, 4), (0, 5), (1, 2), (0, 1), (1, 0), (0, 4), (1, 1), (0, 1), (1, 0), (0, 3), (1, 3), (0, 2), (1, 4), (0, 3), (1, 2), (0, 4), (1, 1), (0, 5), (1, 5)]
Scores = 20 , 24
Plateau (2, 6): 


     | 0 | 1 | 2 | 3 | 4 | 5 | 
------------------------------
  0  | 0 | 0 | 0 | 0 | 0 | 0 | 
------------------------------
  1  | 1 | 0 | 0 | 1 | 2 | 0 | 
------------------------------


Joueur 1, a vous de jouer
Le gagnant est: 2
(26, 18)
Coup joue = [(0, 4), (1, 5), (0, 1), (1, 2), (0, 0), (1, 4), (0, 3), (1, 3), (0, 5), (1, 3), (0, 0), (1, 2), (0, 4), (1, 5), (0, 5), (1, 0), (0, 2), (1, 0), (0, 5), (1, 4), (0, 1), (1, 3), (0, 5), (1, 0), (0, 2), (1, 1), (0, 0), (1, 4), (0, 3), (1, 3), (0, 2), (1, 1), (0, 1), (1, 0), (0, 0), (1, 2), (0, 2), (1, 0), (0, 3), (1, 4), (0, 5), (1, 1), (0, 4), (1, 3), (0, 5)]
Scores = 26 , 18
Plateau (2, 6): 


     | 0 | 1 | 2 | 3 | 4 | 5 | 
------------------------------
  0  | 0 | 0 | 0 | 0 | 0 | 0 | 
------------------------------
  1  | 1 | 1 | 2 | 0 | 0 | 0 | 
------------------------------


Joueur 2, a vous de jouer
Le gagnant est: 1
(29, 18)
Coup joue = [(0, 3), (1, 0), (0, 4), (1, 2), (0, 3), (1, 1), (0, 0), (1, 3), (0, 1), (1, 5), (0, 1), (1, 0), (0, 3), (1, 3), (0, 0), (1, 2), (0, 2), (1, 3), (0, 5), (1, 3), (0, 0), (1, 4), (0, 1), (1, 3), (0, 0), (1, 2), (0, 3), (1, 1), (0, 3), (1, 5), (0, 4), (1, 1), (0, 0), (1, 5), (0, 1), (1, 4), (0, 5), (1, 4), (0, 2), (1, 3), (0, 3), (1, 5), (0, 4), (1, 0), (0, 1), (1, 2), (0, 2), (1, 4), (0, 0), (1, 1), (0, 3), (1, 3), (0, 1), (1, 0), (0, 4), (1, 4), (0, 2), (1, 3), (0, 5), (1, 5), (0, 3), (1, 4), (0, 4), (1, 3), (0, 5), (1, 2), (0, 0), (1, 0), (0, 1), (1, 1), (0, 3), (1, 0), (0, 2), (1, 5), (0, 3), (1, 4), (0, 4), (1, 3), (0, 5)]
Scores = 29 , 18
Plateau (2, 6): 


     | 0 | 1 | 2 | 3 | 4 | 5 | 
------------------------------
  0  | 0 | 0 | 0 | 0 | 0 | 0 | 
------------------------------
  1  | 0 | 0 | 1 | 0 | 0 | 0 | 
------------------------------


Joueur 2, a vous de jouer
Le gagnant est: 1
(21, 10)
Coup joue = [(0, 1), (1, 5), (0, 3), (1, 3), (0, 5), (1, 2), (0, 3), (1, 4), (0, 1), (1, 1), (0, 4), (1, 0), (0, 0)]
Scores = 21 , 10
Plateau (2, 6): 


     | 0 | 1 | 2 | 3 | 4 | 5 | 
------------------------------
  0  | 0 | 1 | 12 | 1 | 2 | 1 | 
------------------------------
  1  | 0 | 0 | 0 | 0 | 0 | 0 | 
------------------------------


Joueur 2, a vous de jouer
Le gagnant est: 1
(16, 25)
Coup joue = [(0, 1), (1, 4), (0, 2), (1, 1), (0, 5), (1, 2), (0, 0), (1, 1), (0, 4), (1, 0), (0, 4), (1, 2), (0, 3), (1, 2), (0, 4), (1, 5), (0, 4), (1, 1), (0, 2), (1, 0), (0, 3), (1, 2), (0, 1), (1, 4), (0, 4), (1, 1), (0, 2), (1, 3), (0, 4), (1, 1), (0, 2), (1, 4), (0, 5), (1, 1), (0, 0), (1, 4), (0, 2), (1, 3), (0, 3), (1, 0), (0, 3), (1, 2), (0, 1), (1, 1), (0, 3), (1, 0)]
Scores = 16 , 25
Plateau (2, 6): 


     | 0 | 1 | 2 | 3 | 4 | 5 | 
------------------------------
  0  | 0 | 0 | 2 | 0 | 3 | 2 | 
------------------------------
  1  | 0 | 0 | 0 | 0 | 0 | 0 | 
------------------------------


Joueur 1, a vous de jouer
Le gagnant est: 2
(19, 25)
Coup joue = [(0, 3), (1, 0), (0, 5), (1, 3), (0, 3), (1, 2), (0, 1), (1, 5), (0, 4), (1, 1), (0, 2), (1, 1), (0, 5), (1, 4), (0, 0), (1, 4), (0, 2), (1, 0), (0, 0), (1, 5), (0, 2), (1, 3), (0, 3), (1, 2), (0, 4), (1, 4), (0, 1), (1, 1), (0, 2), (1, 3), (0, 5), (1, 2), (0, 3), (1, 0), (0, 0), (1, 1), (0, 4), (1, 5), (0, 5), (1, 4), (0, 1), (1, 3), (0, 2), (1, 5), (0, 3), (1, 2), (0, 4), (1, 4), (0, 5), (1, 5)]
Scores = 19 , 25
Plateau (2, 6): 


     | 0 | 1 | 2 | 3 | 4 | 5 | 
------------------------------
  0  | 0 | 0 | 0 | 0 | 0 | 0 | 
------------------------------
  1  | 1 | 1 | 0 | 1 | 1 | 0 | 
------------------------------


Joueur 1, a vous de jouer
Le gagnant est: 2
(15, 16)
Coup joue = [(0, 4), (1, 3), (0, 1), (1, 1), (0, 3), (1, 0), (0, 5), (1, 5), (0, 2), (1, 0), (0, 4), (1, 5), (0, 0), (1, 2), (0, 3), (1, 0), (0, 4), (1, 3), (0, 5), (1, 5)]
Scores = 15 , 16
Plateau (2, 6): 


     | 0 | 1 | 2 | 3 | 4 | 5 | 
------------------------------
  0  | 0 | 0 | 0 | 0 | 0 | 0 | 
------------------------------
  1  | 1 | 0 | 0 | 1 | 15 | 0 | 
------------------------------


Joueur 1, a vous de jouer
Le gagnant est: 2
(29, 14)
Coup joue = [(0, 1), (1, 0), (0, 1), (1, 5), (0, 3), (1, 3), (0, 5), (1, 1), (0, 5), (1, 4), (0, 0), (1, 0), (0, 0), (1, 4), (0, 1), (1, 3), (0, 4), (1, 5), (0, 3), (1, 2), (0, 2), (1, 2), (0, 5), (1, 4), (0, 4), (1, 3), (0, 5), (1, 1), (0, 1), (1, 5), (0, 2), (1, 4), (0, 0), (1, 2), (0, 1), (1, 1), (0, 3), (1, 5), (0, 4), (1, 4), (0, 0), (1, 2), (0, 1), (1, 0), (0, 0), (1, 1), (0, 5), (1, 5), (0, 3), (1, 3), (0, 1), (1, 0), (0, 0), (1, 2), (0, 3), (1, 4), (0, 1), (1, 1), (0, 2), (1, 2), (0, 3), (1, 3), (0, 4), (1, 1), (0, 5)]
Scores = 29 , 14
Plateau (2, 6): 


     | 0 | 1 | 2 | 3 | 4 | 5 | 
------------------------------
  0  | 0 | 0 | 0 | 0 | 0 | 0 | 
------------------------------
  1  | 2 | 0 | 1 | 1 | 1 | 0 | 
------------------------------


Joueur 2, a vous de jouer
Le gagnant est: 1
(19, 25)
Coup joue = [(0, 5), (1, 5), (0, 1), (1, 3), (0, 2), (1, 0), (0, 4), (1, 0), (0, 3), (1, 2), (0, 1), (1, 4), (0, 0), (1, 0), (0, 3), (1, 1), (0, 3), (1, 0), (0, 4), (1, 2), (0, 0), (1, 1), (0, 1), (1, 0), (0, 0)]
Scores = 19 , 25
Plateau (2, 6): 


     | 0 | 1 | 2 | 3 | 4 | 5 | 
------------------------------
  0  | 0 | 1 | 1 | 1 | 0 | 1 | 
------------------------------
  1  | 0 | 0 | 0 | 0 | 0 | 0 | 
------------------------------


Joueur 2, a vous de jouer
Le gagnant est: 2
(18, 24)
Coup joue = [(0, 3), (1, 3), (0, 1), (1, 2), (0, 2), (1, 5), (0, 4), (1, 4), (0, 2), (1, 5), (0, 0), (1, 1), (0, 5), (1, 3), (0, 2), (1, 1), (0, 0), (1, 0), (0, 5), (1, 2), (0, 4), (1, 4), (0, 5), (1, 5)]
Scores = 18 , 24
Plateau (2, 6): 


     | 0 | 1 | 2 | 3 | 4 | 5 | 
------------------------------
  0  | 0 | 0 | 0 | 0 | 0 | 0 | 
------------------------------
  1  | 1 | 2 | 0 | 2 | 1 | 0 | 
------------------------------


Joueur 1, a vous de jouer
Le gagnant est: 2
(12, 32)
Coup joue = [(0, 3), (1, 2), (0, 0), (1, 1), (0, 4), (1, 5), (0, 1), (1, 4), (0, 2), (1, 3), (0, 2), (1, 0), (0, 2), (1, 2), (0, 4), (1, 0), (0, 2), (1, 3), (0, 0), (1, 2), (0, 5), (1, 3), (0, 3), (1, 2), (0, 1), (1, 5), (0, 2), (1, 0), (0, 4), (1, 5), (0, 3), (1, 1), (0, 0), (1, 5), (0, 5), (1, 0), (0, 0), (1, 4), (0, 2), (1, 5), (0, 3), (1, 0), (0, 5), (1, 4), (0, 0), (1, 1), (0, 1), (1, 0), (0, 4), (1, 3), (0, 0), (1, 2), (0, 1), (1, 1), (0, 3), (1, 0), (0, 0)]
Scores = 12 , 32
Plateau (2, 6): 


     | 0 | 1 | 2 | 3 | 4 | 5 | 
------------------------------
  0  | 0 | 2 | 0 | 0 | 1 | 1 | 
------------------------------
  1  | 0 | 0 | 0 | 0 | 0 | 0 | 
------------------------------


Joueur 2, a vous de jouer
Le gagnant est: 2
(17, 27)
Coup joue = [(0, 2), (1, 5), (0, 0), (1, 2), (0, 4), (1, 4), (0, 3), (1, 0), (0, 1), (1, 1), (0, 1), (1, 5), (0, 5), (1, 5), (0, 2), (1, 3), (0, 2), (1, 2), (0, 5), (1, 1), (0, 1), (1, 0), (0, 3), (1, 4), (0, 1), (1, 3), (0, 4), (1, 2), (0, 2), (1, 1), (0, 4), (1, 0), (0, 0)]
Scores = 17 , 27
Plateau (2, 6): 


     | 0 | 1 | 2 | 3 | 4 | 5 | 
------------------------------
  0  | 0 | 1 | 0 | 1 | 0 | 2 | 
------------------------------
  1  | 0 | 0 | 0 | 0 | 0 | 0 | 
------------------------------


Joueur 2, a vous de jouer
Le gagnant est: 2
(19, 11)
Coup joue = [(0, 4), (1, 4), (0, 3), (1, 2), (0, 1), (1, 3), (0, 2), (1, 1), (0, 2), (1, 0), (0, 4), (1, 5), (0, 0), (1, 0), (0, 4)]
Scores = 19 , 11
Plateau (2, 6): 


     | 0 | 1 | 2 | 3 | 4 | 5 | 
------------------------------
  0  | 1 | 1 | 1 | 2 | 0 | 13 | 
------------------------------
  1  | 0 | 0 | 0 | 0 | 0 | 0 | 
------------------------------


Joueur 2, a vous de jouer
Le gagnant est: 1
(12, 31)
Coup joue = [(0, 5), (1, 1), (0, 2), (1, 5), (0, 1), (1, 1), (0, 4), (1, 4), (0, 3), (1, 2), (0, 3), (1, 0), (0, 0), (1, 3), (0, 0), (1, 1), (0, 1), (1, 2), (0, 5), (1, 0), (0, 3), (1, 5), (0, 0), (1, 3), (0, 1), (1, 0), (0, 2), (1, 4), (0, 4), (1, 3), (0, 0), (1, 1), (0, 5), (1, 5), (0, 0), (1, 0), (0, 3), (1, 4), (0, 1), (1, 2), (0, 2), (1, 3), (0, 3), (1, 2), (0, 5), (1, 1), (0, 1), (1, 0), (0, 1), (1, 5), (0, 4), (1, 5), (0, 2), (1, 4), (0, 4), (1, 3), (0, 3), (1, 2), (0, 4), (1, 1), (0, 5), (1, 5)]
Scores = 12 , 31
Plateau (2, 6): 


     | 0 | 1 | 2 | 3 | 4 | 5 | 
------------------------------
  0  | 0 | 0 | 0 | 0 | 0 | 0 | 
------------------------------
  1  | 2 | 0 | 0 | 1 | 2 | 0 | 
------------------------------


Joueur 1, a vous de jouer
Le gagnant est: 2
(22, 20)
Coup joue = [(0, 5), (1, 0), (0, 0), (1, 4), (0, 3), (1, 3), (0, 1), (1, 1), (0, 2), (1, 4), (0, 0), (1, 5), (0, 3), (1, 1), (0, 4), (1, 0), (0, 3), (1, 2), (0, 1), (1, 5), (0, 5), (1, 5), (0, 2), (1, 4), (0, 4), (1, 3), (0, 3), (1, 2), (0, 5), (1, 5), (0, 4), (1, 4), (0, 5), (1, 2), (0, 0), (1, 1), (0, 1), (1, 3), (0, 0), (1, 5), (0, 2), (1, 4), (0, 4), (1, 2), (0, 1), (1, 0), (0, 0), (1, 1), (0, 5), (1, 5), (0, 2), (1, 0), (0, 3), (1, 4), (0, 5), (1, 5), (0, 0), (1, 3), (0, 1), (1, 4), (0, 4), (1, 1), (0, 2), (1, 2), (0, 3), (1, 0), (0, 0), (1, 1), (0, 4), (1, 0), (0, 0), (1, 3), (0, 5), (1, 5), (0, 1), (1, 2), (0, 2), (1, 4), (0, 3), (1, 2), (0, 4), (1, 3), (0, 5), (1, 5)]
Scores = 22 , 20
Plateau (2, 6): 


     | 0 | 1 | 2 | 3 | 4 | 5 | 
------------------------------
  0  | 0 | 0 | 0 | 0 | 0 | 0 | 
------------------------------
  1  | 0 | 3 | 1 | 0 | 2 | 0 | 
------------------------------


Joueur 1, a vous de jouer
Le gagnant est: 1
(22, 21)
Coup joue = [(0, 1), (1, 3), (0, 0), (1, 0), (0, 5), (1, 2), (0, 4), (1, 1), (0, 0), (1, 0), (0, 3), (1, 3), (0, 1), (1, 4), (0, 1), (1, 0), (0, 1), (1, 5), (0, 1), (1, 0), (0, 0), (1, 2), (0, 1), (1, 0), (0, 5), (1, 3), (0, 2), (1, 3), (0, 3), (1, 0), (0, 5), (1, 3), (0, 4), (1, 1), (0, 2), (1, 0), (0, 5), (1, 3), (0, 3), (1, 5), (0, 5), (1, 5), (0, 4), (1, 5), (0, 5), (1, 5)]
Scores = 22 , 21
Plateau (2, 6): 


     | 0 | 1 | 2 | 3 | 4 | 5 | 
------------------------------
  0  | 0 | 0 | 0 | 0 | 0 | 0 | 
------------------------------
  1  | 0 | 0 | 1 | 0 | 4 | 0 | 
------------------------------


Joueur 1, a vous de jouer
Le gagnant est: 1
(26, 18)
Coup joue = [(0, 5), (1, 4), (0, 4), (1, 1), (0, 5), (1, 3), (0, 0), (1, 1), (0, 4), (1, 0), (0, 2), (1, 5), (0, 2), (1, 4), (0, 3), (1, 5), (0, 0), (1, 3), (0, 5), (1, 5), (0, 0), (1, 1), (0, 1), (1, 1), (0, 0), (1, 5), (0, 3), (1, 4), (0, 1), (1, 3), (0, 2), (1, 1), (0, 3), (1, 2), (0, 1), (1, 5), (0, 3), (1, 1), (0, 2), (1, 3), (0, 3), (1, 0), (0, 4), (1, 5), (0, 2), (1, 3), (0, 5), (1, 0), (0, 3), (1, 5), (0, 5), (1, 4), (0, 1), (1, 3), (0, 3), (1, 5), (0, 2), (1, 4), (0, 4), (1, 3), (0, 3), (1, 5), (0, 5), (1, 2), (0, 4), (1, 4), (0, 0), (1, 1), (0, 1), (1, 2), (0, 3), (1, 3), (0, 2), (1, 0), (0, 5), (1, 1), (0, 0), (1, 2), (0, 1), (1, 0), (0, 4), (1, 1), (0, 3), (1, 0)]
Scores = 26 , 18
Plateau (2, 6): 


     | 0 | 1 | 2 | 3 | 4 | 5 | 
------------------------------
  0  | 0 | 0 | 1 | 0 | 1 | 2 | 
------------------------------
  1  | 0 | 0 | 0 | 0 | 0 | 0 | 
------------------------------


Joueur 1, a vous de jouer
Le gagnant est: 1
(27, 17)
Coup joue = [(0, 3), (1, 1), (0, 1), (1, 2), (0, 1), (1, 4), (0, 0), (1, 3), (0, 5), (1, 3), (0, 3), (1, 1), (0, 5), (1, 0), (0, 4), (1, 0), (0, 1), (1, 5), (0, 4), (1, 0), (0, 5), (1, 4), (0, 2), (1, 4), (0, 3), (1, 3), (0, 0), (1, 2), (0, 5), (1, 5), (0, 1), (1, 0), (0, 0), (1, 1), (0, 4), (1, 0), (0, 2), (1, 5), (0, 3), (1, 4), (0, 4), (1, 3), (0, 5), (1, 3), (0, 0), (1, 4), (0, 1), (1, 2), (0, 2), (1, 1), (0, 3), (1, 5), (0, 5), (1, 3), (0, 4), (1, 4), (0, 5)]
Scores = 27 , 17
Plateau (2, 6): 


     | 0 | 1 | 2 | 3 | 4 | 5 | 
------------------------------
  0  | 0 | 0 | 0 | 0 | 0 | 0 | 
------------------------------
  1  | 2 | 0 | 1 | 1 | 0 | 0 | 
------------------------------


Joueur 2, a vous de jouer
Le gagnant est: 1
(13, 30)
Coup joue = [(0, 0), (1, 3), (0, 1), (1, 2), (0, 1), (1, 0), (0, 1), (1, 5), (0, 3), (1, 0), (0, 4), (1, 0), (0, 5), (1, 5), (0, 1), (1, 0), (0, 2), (1, 4), (0, 2), (1, 1), (0, 5), (1, 0), (0, 4), (1, 3), (0, 3), (1, 4), (0, 5), (1, 2), (0, 0), (1, 5), (0, 4), (1, 1), (0, 5), (1, 5), (0, 1), (1, 0), (0, 3), (1, 4), (0, 1), (1, 2), (0, 4), (1, 3), (0, 5), (1, 5), (0, 2), (1, 2), (0, 3), (1, 4), (0, 4), (1, 3), (0, 5), (1, 5)]
Scores = 13 , 30
Plateau (2, 6): 


     | 0 | 1 | 2 | 3 | 4 | 5 | 
------------------------------
  0  | 0 | 0 | 0 | 0 | 0 | 0 | 
------------------------------
  1  | 0 | 3 | 1 | 0 | 1 | 0 | 
------------------------------


Joueur 1, a vous de jouer
Le gagnant est: 2
(15, 30)
Coup joue = [(0, 5), (1, 4), (0, 4), (1, 4), (0, 2), (1, 0), (0, 5), (1, 2), (0, 0), (1, 5), (0, 4), (1, 1), (0, 3), (1, 5), (0, 1), (1, 3), (0, 1), (1, 4), (0, 4), (1, 4), (0, 2), (1, 0), (0, 4), (1, 3), (0, 0), (1, 2), (0, 2), (1, 1), (0, 3), (1, 0), (0, 0)]
Scores = 15 , 30
Plateau (2, 6): 


     | 0 | 1 | 2 | 3 | 4 | 5 | 
------------------------------
  0  | 0 | 1 | 0 | 0 | 1 | 1 | 
------------------------------
  1  | 0 | 0 | 0 | 0 | 0 | 0 | 
------------------------------


Joueur 2, a vous de jouer
Le gagnant est: 2
(25, 18)
Coup joue = [(0, 3), (1, 3), (0, 0), (1, 4), (0, 4), (1, 2), (0, 2), (1, 1), (0, 2), (1, 5), (0, 2), (1, 1), (0, 3), (1, 3), (0, 5), (1, 3), (0, 1), (1, 4), (0, 0), (1, 3), (0, 3), (1, 2), (0, 4), (1, 0), (0, 5), (1, 1), (0, 3), (1, 0), (0, 0)]
Scores = 25 , 18
Plateau (2, 6): 


     | 0 | 1 | 2 | 3 | 4 | 5 | 
------------------------------
  0  | 0 | 2 | 1 | 0 | 2 | 0 | 
------------------------------
  1  | 0 | 0 | 0 | 0 | 0 | 0 | 
------------------------------


Joueur 2, a vous de jouer
Le gagnant est: 1
(24, 21)
Coup joue = [(0, 3), (1, 0), (0, 2), (1, 1), (0, 0), (1, 2), (0, 3), (1, 4), (0, 4), (1, 5), (0, 3), (1, 0), (0, 0), (1, 3), (0, 1), (1, 3), (0, 0), (1, 2), (0, 4), (1, 1), (0, 1), (1, 0), (0, 0), (1, 5), (0, 2), (1, 4), (0, 4), (1, 5), (0, 3), (1, 5), (0, 4), (1, 4), (0, 1), (1, 3), (0, 5), (1, 0), (0, 4), (1, 2), (0, 0), (1, 1), (0, 5), (1, 0), (0, 0), (1, 5), (0, 1), (1, 4), (0, 3), (1, 3), (0, 4), (1, 2), (0, 5), (1, 5), (0, 2), (1, 4), (0, 4), (1, 3), (0, 5), (1, 2), (0, 3), (1, 5), (0, 4), (1, 1), (0, 0), (1, 0), (0, 1), (1, 4), (0, 5), (1, 3), (0, 2), (1, 2), (0, 0), (1, 1), (0, 3), (1, 0), (0, 4), (1, 5), (0, 0), (1, 4), (0, 1), (1, 3), (0, 2), (1, 2), (0, 5), (1, 1), (0, 3), (1, 0), (0, 0), (1, 5), (0, 4), (1, 4), (0, 1), (1, 3), (0, 2), (1, 2), (0, 5), (1, 5), (0, 3), (1, 1), (0, 4), (1, 4), (0, 5), (1, 5)]
Scores = 24 , 21
Plateau (2, 6): 


     | 0 | 1 | 2 | 3 | 4 | 5 | 
------------------------------
  0  | 0 | 0 | 0 | 0 | 0 | 0 | 
------------------------------
  1  | 1 | 0 | 0 | 1 | 1 | 0 | 
------------------------------


Joueur 1, a vous de jouer
Le gagnant est: 1
(26, 20)
Coup joue = [(0, 4), (1, 1), (0, 2), (1, 4), (0, 0), (1, 1), (0, 1), (1, 2), (0, 0), (1, 1), (0, 4), (1, 5), (0, 0), (1, 0), (0, 3), (1, 3), (0, 5), (1, 3), (0, 1), (1, 2), (0, 4), (1, 1), (0, 3), (1, 5), (0, 4), (1, 4), (0, 5), (1, 5), (0, 2), (1, 4), (0, 3), (1, 3), (0, 4), (1, 5), (0, 5), (1, 5), (0, 0), (1, 4), (0, 1), (1, 0), (0, 0), (1, 2), (0, 1), (1, 1), (0, 0), (1, 3), (0, 2), (1, 0), (0, 3), (1, 2), (0, 0), (1, 1), (0, 4), (1, 0), (0, 1), (1, 5), (0, 5), (1, 5), (0, 2), (1, 4), (0, 3), (1, 2), (0, 0), (1, 3), (0, 4), (1, 2), (0, 5), (1, 1), (0, 1), (1, 5), (0, 2), (1, 0), (0, 3), (1, 4), (0, 4), (1, 3), (0, 5), (1, 5)]
Scores = 26 , 20
Plateau (2, 6): 


     | 0 | 1 | 2 | 3 | 4 | 5 | 
------------------------------
  0  | 0 | 0 | 0 | 0 | 0 | 0 | 
------------------------------
  1  | 0 | 0 | 1 | 0 | 1 | 0 | 
------------------------------


Joueur 1, a vous de jouer
Le gagnant est: 1
(22, 22)
Coup joue = [(0, 1), (1, 1), (0, 2), (1, 5), (0, 0), (1, 4), (0, 0), (1, 2), (0, 4), (1, 3), (0, 1), (1, 1), (0, 5), (1, 1), (0, 3), (1, 1), (0, 1), (1, 5), (0, 4), (1, 2), (0, 0), (1, 0), (0, 4), (1, 5), (0, 5), (1, 3), (0, 2), (1, 4), (0, 4), (1, 3), (0, 3), (1, 4), (0, 5), (1, 2), (0, 1), (1, 0), (0, 2), (1, 1), (0, 0), (1, 0), (0, 3), (1, 4), (0, 1), (1, 3), (0, 2), (1, 2), (0, 3), (1, 1), (0, 4), (1, 5), (0, 5), (1, 3), (0, 0), (1, 5), (0, 1), (1, 4), (0, 2), (1, 2), (0, 3), (1, 1), (0, 4), (1, 3), (0, 5), (1, 5)]
Scores = 22 , 22
Plateau (2, 6): 


     | 0 | 1 | 2 | 3 | 4 | 5 | 
------------------------------
  0  | 0 | 0 | 0 | 0 | 0 | 0 | 
------------------------------
  1  | 2 | 0 | 1 | 0 | 1 | 0 | 
------------------------------


Joueur 1, a vous de jouer
Le gagnant est: 0
(18, 23)
Coup joue = [(0, 5), (1, 3), (0, 1), (1, 4), (0, 5), (1, 3), (0, 2), (1, 2), (0, 0), (1, 5), (0, 5), (1, 5), (0, 4), (1, 0), (0, 1), (1, 1), (0, 3), (1, 1), (0, 5), (1, 0), (0, 2), (1, 5), (0, 1), (1, 0), (0, 4), (1, 1), (0, 0), (1, 0), (0, 1), (1, 2), (0, 5), (1, 0), (0, 3), (1, 5), (0, 2), (1, 3), (0, 4), (1, 2), (0, 3), (1, 4), (0, 5), (1, 4), (0, 4), (1, 3), (0, 5), (1, 5)]
Scores = 18 , 23
Plateau (2, 6): 


     | 0 | 1 | 2 | 3 | 4 | 5 | 
------------------------------
  0  | 0 | 0 | 0 | 0 | 0 | 0 | 
------------------------------
  1  | 0 | 4 | 2 | 0 | 1 | 0 | 
------------------------------


Joueur 1, a vous de jouer
Le gagnant est: 2
(15, 29)
Coup joue = [(0, 4), (1, 0), (0, 2), (1, 3), (0, 1), (1, 5), (0, 5), (1, 1), (0, 0), (1, 3), (0, 4), (1, 4), (0, 4), (1, 1), (0, 3), (1, 4), (0, 0), (1, 1), (0, 4), (1, 0), (0, 0), (1, 2), (0, 0), (1, 4), (0, 1), (1, 0), (0, 0), (1, 5), (0, 2), (1, 1), (0, 4), (1, 3), (0, 3), (1, 1), (0, 4), (1, 0), (0, 5), (1, 1), (0, 0), (1, 0), (0, 2), (1, 3), (0, 4), (1, 2), (0, 0), (1, 1), (0, 1), (1, 0), (0, 5)]
Scores = 15 , 29
Plateau (2, 6): 


     | 0 | 1 | 2 | 3 | 4 | 5 | 
------------------------------
  0  | 1 | 0 | 1 | 2 | 0 | 0 | 
------------------------------
  1  | 0 | 0 | 0 | 0 | 0 | 0 | 
------------------------------


Joueur 2, a vous de jouer
Le gagnant est: 2
(21, 22)
Coup joue = [(0, 2), (1, 3), (0, 1), (1, 0), (0, 5), (1, 5), (0, 0), (1, 2), (0, 3), (1, 4), (0, 4), (1, 4), (0, 1), (1, 3), (0, 0), (1, 1), (0, 4), (1, 4), (0, 5), (1, 4), (0, 2), (1, 5), (0, 4), (1, 0), (0, 1), (1, 4), (0, 4), (1, 5), (0, 5), (1, 3), (0, 2), (1, 5), (0, 3), (1, 2), (0, 4), (1, 4), (0, 5)]
Scores = 21 , 22
Plateau (2, 6): 


     | 0 | 1 | 2 | 3 | 4 | 5 | 
------------------------------
  0  | 0 | 0 | 0 | 0 | 0 | 0 | 
------------------------------
  1  | 0 | 3 | 1 | 1 | 0 | 0 | 
------------------------------


Joueur 2, a vous de jouer
Le gagnant est: 2
(16, 29)
Coup joue = [(0, 5), (1, 4), (0, 0), (1, 5), (0, 5), (1, 2), (0, 2), (1, 1), (0, 3), (1, 0), (0, 3), (1, 5), (0, 1), (1, 3), (0, 4), (1, 4), (0, 2), (1, 0), (0, 5), (1, 5), (0, 0), (1, 3), (0, 3), (1, 1), (0, 5), (1, 4), (0, 4), (1, 3), (0, 5), (1, 0), (0, 2), (1, 2), (0, 3), (1, 0), (0, 2), (1, 1), (0, 3), (1, 0), (0, 0)]
Scores = 16 , 29
Plateau (2, 6): 


     | 0 | 1 | 2 | 3 | 4 | 5 | 
------------------------------
  0  | 0 | 1 | 0 | 0 | 2 | 0 | 
------------------------------
  1  | 0 | 0 | 0 | 0 | 0 | 0 | 
------------------------------


Joueur 2, a vous de jouer
Le gagnant est: 2
(19, 22)
Coup joue = [(0, 4), (1, 5), (0, 3), (1, 5), (0, 0), (1, 0), (0, 1), (1, 2), (0, 3), (1, 3), (0, 2), (1, 4), (0, 2), (1, 1), (0, 0), (1, 3), (0, 4), (1, 3), (0, 2), (1, 2), (0, 3), (1, 0), (0, 5), (1, 2), (0, 2), (1, 4), (0, 0), (1, 1), (0, 3), (1, 0), (0, 0), (1, 3), (0, 2), (1, 1), (0, 1), (1, 2), (0, 5), (1, 1), (0, 2), (1, 0), (0, 0)]
Scores = 19 , 22
Plateau (2, 6): 


     | 0 | 1 | 2 | 3 | 4 | 5 | 
------------------------------
  0  | 0 | 2 | 0 | 2 | 3 | 0 | 
------------------------------
  1  | 0 | 0 | 0 | 0 | 0 | 0 | 
------------------------------


Joueur 2, a vous de jouer
Le gagnant est: 2
(32, 12)
Coup joue = [(0, 4), (1, 3), (0, 2), (1, 5), (0, 3), (1, 2), (0, 3), (1, 4), (0, 5), (1, 4), (0, 1), (1, 1), (0, 4), (1, 0), (0, 2), (1, 4), (0, 4), (1, 3), (0, 5), (1, 2), (0, 0), (1, 4), (0, 4), (1, 2), (0, 1), (1, 1), (0, 5), (1, 3), (0, 2), (1, 1), (0, 3), (1, 5), (0, 4), (1, 3), (0, 5)]
Scores = 32 , 12
Plateau (2, 6): 


     | 0 | 1 | 2 | 3 | 4 | 5 | 
------------------------------
  0  | 0 | 0 | 0 | 0 | 0 | 0 | 
------------------------------
  1  | 2 | 0 | 2 | 0 | 0 | 0 | 
------------------------------


Joueur 2, a vous de jouer
Le gagnant est: 1
(20, 27)
Coup joue = [(0, 5), (1, 1), (0, 0), (1, 4), (0, 0), (1, 3), (0, 0), (1, 0), (0, 1), (1, 0), (0, 5), (1, 3), (0, 4), (1, 5), (0, 0), (1, 3), (0, 5), (1, 4), (0, 2), (1, 2), (0, 2), (1, 1), (0, 4), (1, 5), (0, 0), (1, 3), (0, 5), (1, 0), (0, 3), (1, 0), (0, 5), (1, 5), (0, 2), (1, 3), (0, 3), (1, 2), (0, 1), (1, 1), (0, 0), (1, 0), (0, 1), (1, 4), (0, 4), (1, 0), (0, 2), (1, 3), (0, 3), (1, 4), (0, 5), (1, 3), (0, 0), (1, 1), (0, 4), (1, 2), (0, 5), (1, 0)]
Scores = 20 , 27
Plateau (2, 6): 


     | 0 | 1 | 2 | 3 | 4 | 5 | 
------------------------------
  0  | 0 | 0 | 0 | 0 | 0 | 0 | 
------------------------------
  1  | 0 | 1 | 0 | 0 | 0 | 0 | 
------------------------------


Joueur 1, a vous de jouer
Le gagnant est: 2
(21, 23)
Coup joue = [(0, 4), (1, 4), (0, 1), (1, 5), (0, 3), (1, 3), (0, 3), (1, 1), (0, 5), (1, 1), (0, 1), (1, 0), (0, 0), (1, 2), (0, 0), (1, 1), (0, 1), (1, 0), (0, 1), (1, 5), (0, 2), (1, 1), (0, 1), (1, 0), (0, 2), (1, 3), (0, 1), (1, 2), (0, 4), (1, 1), (0, 5), (1, 0), (0, 1), (1, 5), (0, 2), (1, 4), (0, 0), (1, 2), (0, 3), (1, 3), (0, 1), (1, 1), (0, 5), (1, 2), (0, 2), (1, 1), (0, 3), (1, 4), (0, 4), (1, 0), (0, 5), (1, 3), (0, 0), (1, 2), (0, 1), (1, 4), (0, 2), (1, 3), (0, 3), (1, 2), (0, 4), (1, 1), (0, 0), (1, 0), (0, 0)]
Scores = 21 , 23
Plateau (2, 6): 


     | 0 | 1 | 2 | 3 | 4 | 5 | 
------------------------------
  0  | 0 | 2 | 0 | 0 | 0 | 2 | 
------------------------------
  1  | 0 | 0 | 0 | 0 | 0 | 0 | 
------------------------------


Joueur 2, a vous de jouer
Le gagnant est: 2
(30, 15)
Coup joue = [(0, 3), (1, 2), (0, 2), (1, 4), (0, 1), (1, 3), (0, 2), (1, 1), (0, 4), (1, 5), (0, 5), (1, 5), (0, 3), (1, 0), (0, 3), (1, 2), (0, 0), (1, 0), (0, 5), (1, 2), (0, 4), (1, 1), (0, 5), (1, 0), (0, 1), (1, 5), (0, 2), (1, 4), (0, 3), (1, 5), (0, 5), (1, 5), (0, 4), (1, 4), (0, 5)]
Scores = 30 , 15
Plateau (2, 6): 


     | 0 | 1 | 2 | 3 | 4 | 5 | 
------------------------------
  0  | 0 | 0 | 0 | 0 | 0 | 0 | 
------------------------------
  1  | 0 | 0 | 1 | 2 | 0 | 0 | 
------------------------------


Joueur 2, a vous de jouer
Le gagnant est: 1
(29, 14)
Coup joue = [(0, 2), (1, 3), (0, 3), (1, 2), (0, 5), (1, 4), (0, 4), (1, 1), (0, 4), (1, 0), (0, 2), (1, 4), (0, 3), (1, 1), (0, 1), (1, 0), (0, 3), (1, 5), (0, 4), (1, 0), (0, 3), (1, 5), (0, 1), (1, 4), (0, 2), (1, 3), (0, 0), (1, 3), (0, 3), (1, 4), (0, 2), (1, 5), (0, 3), (1, 0), (0, 5), (1, 2), (0, 1), (1, 5), (0, 3), (1, 4), (0, 4), (1, 2), (0, 2), (1, 5), (0, 5), (1, 5), (0, 3), (1, 1), (0, 4), (1, 4), (0, 5), (1, 5)]
Scores = 29 , 14
Plateau (2, 6): 


     | 0 | 1 | 2 | 3 | 4 | 5 | 
------------------------------
  0  | 0 | 0 | 0 | 0 | 0 | 0 | 
------------------------------
  1  | 1 | 1 | 1 | 1 | 1 | 0 | 
------------------------------


Joueur 1, a vous de jouer
Le gagnant est: 1
(7, 40)
Coup joue = [(0, 1), (1, 3), (0, 3), (1, 3), (0, 2), (1, 1), (0, 5), (1, 5), (0, 0), (1, 4), (0, 5), (1, 3), (0, 4), (1, 2), (0, 3), (1, 3), (0, 2), (1, 1), (0, 2), (1, 0), (0, 2), (1, 3), (0, 5), (1, 1), (0, 3), (1, 0), (0, 4), (1, 5), (0, 0), (1, 2), (0, 5), (1, 4), (0, 0), (1, 5), (0, 1), (1, 0), (0, 1), (1, 3), (0, 2), (1, 4), (0, 3), (1, 1), (0, 2), (1, 3), (0, 4), (1, 0), (0, 3), (1, 2), (0, 1), (1, 0), (0, 5), (1, 5), (0, 2), (1, 1), (0, 0), (1, 4), (0, 1), (1, 3), (0, 4), (1, 0), (0, 2), (1, 2), (0, 3), (1, 1), (0, 5), (1, 5), (0, 0), (1, 0), (0, 0), (1, 4), (0, 1), (1, 2), (0, 4), (1, 1), (0, 3), (1, 0), (0, 4), (1, 3), (0, 2), (1, 2), (0, 5), (1, 1), (0, 3), (1, 4), (0, 4), (1, 3), (0, 5), (1, 0)]
Scores = 7 , 40
Plateau (2, 6): 


     | 0 | 1 | 2 | 3 | 4 | 5 | 
------------------------------
  0  | 0 | 0 | 0 | 0 | 0 | 0 | 
------------------------------
  1  | 0 | 0 | 1 | 0 | 0 | 0 | 
------------------------------


Joueur 1, a vous de jouer
Le gagnant est: 2
(17, 30)
Coup joue = [(0, 3), (1, 5), (0, 5), (1, 2), (0, 4), (1, 0), (0, 0), (1, 4), (0, 4), (1, 1), (0, 4), (1, 3), (0, 1), (1, 4), (0, 0), (1, 0), (0, 5), (1, 4), (0, 2), (1, 4), (0, 0), (1, 2), (0, 0), (1, 3), (0, 3), (1, 1), (0, 4), (1, 0), (0, 2), (1, 4), (0, 5), (1, 4), (0, 3), (1, 3), (0, 0), (1, 2), (0, 1), (1, 0), (0, 5), (1, 1), (0, 4), (1, 5), (0, 2), (1, 0), (0, 5), (1, 4), (0, 3), (1, 3), (0, 4), (1, 2), (0, 5)]
Scores = 17 , 30
Plateau (2, 6): 


     | 0 | 1 | 2 | 3 | 4 | 5 | 
------------------------------
  0  | 0 | 0 | 0 | 0 | 0 | 0 | 
------------------------------
  1  | 0 | 1 | 0 | 0 | 0 | 0 | 
------------------------------


Joueur 2, a vous de jouer
Le gagnant est: 2
(8, 34)
Coup joue = [(0, 0), (1, 5), (0, 2), (1, 5), (0, 3), (1, 1), (0, 1), (1, 3), (0, 5), (1, 3), (0, 4), (1, 0), (0, 4), (1, 1), (0, 2), (1, 3), (0, 3), (1, 4), (0, 1), (1, 2), (0, 1), (1, 1), (0, 1), (1, 5), (0, 5), (1, 5), (0, 4), (1, 3), (0, 5), (1, 1), (0, 2), (1, 4), (0, 4), (1, 1), (0, 5), (1, 3), (0, 3), (1, 2), (0, 1), (1, 0), (0, 3), (1, 5), (0, 1), (1, 4), (0, 2), (1, 1), (0, 5), (1, 5), (0, 4), (1, 2), (0, 5), (1, 3), (0, 3), (1, 2), (0, 4), (1, 5), (0, 5), (1, 5)]
Scores = 8 , 34
Plateau (2, 6): 


     | 0 | 1 | 2 | 3 | 4 | 5 | 
------------------------------
  0  | 0 | 0 | 0 | 0 | 0 | 0 | 
------------------------------
  1  | 1 | 2 | 0 | 0 | 3 | 0 | 
------------------------------


Joueur 1, a vous de jouer
Le gagnant est: 2
(25, 20)
Coup joue = [(0, 2), (1, 1), (0, 5), (1, 3), (0, 2), (1, 5), (0, 3), (1, 0), (0, 4), (1, 0), (0, 3), (1, 1), (0, 1), (1, 5), (0, 0), (1, 0), (0, 5), (1, 1), (0, 2), (1, 4), (0, 5), (1, 1), (0, 3), (1, 3), (0, 2), (1, 0), (0, 2), (1, 5), (0, 1), (1, 4), (0, 2), (1, 3), (0, 0), (1, 1), (0, 5), (1, 5), (0, 1), (1, 2), (0, 3), (1, 1), (0, 5), (1, 4), (0, 4), (1, 1), (0, 0), (1, 4), (0, 2), (1, 2), (0, 5), (1, 5), (0, 3), (1, 0), (0, 5), (1, 3), (0, 0), (1, 1), (0, 1), (1, 0), (0, 2), (1, 2), (0, 3), (1, 5), (0, 4), (1, 4), (0, 5), (1, 4), (0, 0), (1, 1), (0, 1), (1, 3), (0, 2), (1, 2), (0, 3), (1, 1), (0, 4), (1, 0)]
Scores = 25 , 20
Plateau (2, 6): 


     | 0 | 1 | 2 | 3 | 4 | 5 | 
------------------------------
  0  | 0 | 1 | 1 | 0 | 0 | 1 | 
------------------------------
  1  | 0 | 0 | 0 | 0 | 0 | 0 | 
------------------------------


Joueur 1, a vous de jouer
Le gagnant est: 1
(27, 18)
Coup joue = [(0, 0), (1, 4), (0, 1), (1, 1), (0, 2), (1, 0), (0, 2), (1, 3), (0, 1), (1, 5), (0, 4), (1, 2), (0, 4), (1, 0), (0, 0), (1, 5), (0, 3), (1, 2), (0, 2), (1, 5), (0, 4), (1, 4), (0, 5), (1, 2), (0, 3), (1, 4), (0, 4), (1, 3), (0, 2), (1, 2), (0, 3), (1, 5), (0, 5), (1, 5), (0, 4), (1, 1), (0, 5), (1, 4), (0, 1), (1, 0), (0, 2), (1, 3), (0, 0), (1, 5), (0, 1), (1, 2), (0, 4), (1, 4), (0, 3), (1, 3), (0, 4), (1, 2), (0, 2), (1, 1), (0, 5), (1, 5), (0, 3), (1, 3), (0, 4), (1, 4), (0, 0), (1, 2), (0, 1), (1, 1), (0, 0), (1, 0), (0, 5), (1, 5), (0, 0), (1, 3), (0, 1), (1, 2), (0, 2), (1, 4), (0, 3), (1, 3), (0, 4), (1, 1), (0, 5), (1, 5)]
Scores = 27 , 18
Plateau (2, 6): 


     | 0 | 1 | 2 | 3 | 4 | 5 | 
------------------------------
  0  | 0 | 0 | 0 | 0 | 0 | 0 | 
------------------------------
  1  | 1 | 0 | 1 | 0 | 1 | 0 | 
------------------------------


Joueur 1, a vous de jouer
Le gagnant est: 1
(20, 23)
Coup joue = [(0, 5), (1, 0), (0, 3), (1, 3), (0, 1), (1, 4), (0, 0), (1, 0), (0, 3), (1, 4), (0, 2), (1, 5), (0, 4), (1, 1), (0, 5), (1, 1), (0, 4), (1, 3), (0, 0), (1, 0), (0, 5), (1, 5), (0, 0), (1, 2), (0, 5), (1, 3), (0, 2), (1, 1), (0, 3), (1, 2), (0, 4), (1, 0), (0, 1), (1, 5), (0, 0), (1, 1), (0, 2), (1, 4), (0, 5), (1, 3), (0, 1), (1, 2), (0, 2), (1, 1), (0, 0), (1, 0), (0, 2), (1, 5), (0, 0), (1, 4), (0, 3), (1, 3), (0, 1), (1, 5), (0, 2), (1, 2), (0, 4), (1, 1), (0, 3), (1, 4), (0, 4), (1, 3), (0, 5), (1, 5)]
Scores = 20 , 23
Plateau (2, 6): 


     | 0 | 1 | 2 | 3 | 4 | 5 | 
------------------------------
  0  | 0 | 0 | 0 | 0 | 0 | 0 | 
------------------------------
  1  | 1 | 0 | 1 | 1 | 2 | 0 | 
------------------------------


Joueur 1, a vous de jouer
Le gagnant est: 2
(28, 15)
Coup joue = [(0, 2), (1, 2), (0, 0), (1, 5), (0, 2), (1, 0), (0, 2), (1, 2), (0, 3), (1, 2), (0, 0), (1, 5), (0, 4), (1, 1), (0, 3), (1, 3), (0, 1), (1, 3), (0, 4), (1, 2), (0, 5), (1, 3), (0, 4), (1, 2), (0, 0), (1, 0), (0, 5), (1, 4), (0, 3), (1, 1), (0, 2), (1, 2), (0, 0), (1, 5), (0, 5), (1, 1), (0, 3), (1, 0), (0, 4), (1, 3), (0, 2), (1, 4), (0, 3), (1, 3), (0, 5), (1, 2), (0, 0), (1, 1), (0, 1), (1, 5), (0, 4), (1, 4), (0, 5), (1, 3), (0, 2), (1, 2), (0, 3), (1, 1), (0, 4), (1, 5), (0, 5), (1, 5)]
Scores = 28 , 15
Plateau (2, 6): 


     | 0 | 1 | 2 | 3 | 4 | 5 | 
------------------------------
  0  | 0 | 0 | 0 | 0 | 0 | 0 | 
------------------------------
  1  | 3 | 0 | 0 | 0 | 2 | 0 | 
------------------------------


Joueur 1, a vous de jouer
Le gagnant est: 1
(18, 25)
Coup joue = [(0, 5), (1, 1), (0, 0), (1, 4), (0, 2), (1, 0), (0, 4), (1, 3), (0, 0), (1, 2), (0, 1), (1, 4), (0, 0), (1, 0), (0, 5), (1, 2), (0, 3), (1, 2), (0, 1), (1, 1), (0, 2), (1, 0), (0, 3), (1, 4), (0, 4), (1, 4), (0, 5), (1, 3), (0, 1), (1, 2), (0, 2), (1, 1), (0, 3), (1, 0), (0, 4), (1, 5), (0, 1), (1, 1), (0, 4), (1, 2), (0, 2), (1, 3), (0, 5), (1, 1), (0, 4), (1, 4), (0, 5), (1, 2), (0, 3), (1, 1), (0, 5), (1, 3), (0, 4), (1, 0), (0, 3), (1, 2), (0, 5), (1, 1), (0, 1), (1, 0), (0, 0)]
Scores = 18 , 25
Plateau (2, 6): 


     | 0 | 1 | 2 | 3 | 4 | 5 | 
------------------------------
  0  | 0 | 1 | 2 | 0 | 2 | 0 | 
------------------------------
  1  | 0 | 0 | 0 | 0 | 0 | 0 | 
------------------------------


Joueur 2, a vous de jouer
Le gagnant est: 2
(15, 28)
Coup joue = [(0, 4), (1, 4), (0, 1), (1, 0), (0, 2), (1, 3), (0, 0), (1, 2), (0, 5), (1, 2), (0, 3), (1, 0), (0, 1), (1, 2), (0, 3), (1, 1), (0, 0), (1, 2), (0, 4), (1, 5), (0, 0), (1, 0), (0, 0), (1, 4), (0, 4), (1, 1), (0, 1), (1, 3), (0, 5), (1, 0), (0, 0), (1, 5), (0, 1), (1, 4), (0, 2), (1, 3), (0, 4), (1, 2), (0, 1), (1, 0), (0, 2), (1, 1), (0, 0), (1, 0), (0, 0)]
Scores = 15 , 28
Plateau (2, 6): 


     | 0 | 1 | 2 | 3 | 4 | 5 | 
------------------------------
  0  | 0 | 2 | 0 | 2 | 0 | 1 | 
------------------------------
  1  | 0 | 0 | 0 | 0 | 0 | 0 | 
------------------------------


Joueur 2, a vous de jouer
Le gagnant est: 2
(19, 27)
Coup joue = [(0, 2), (1, 4), (0, 5), (1, 5), (0, 0), (1, 1), (0, 3), (1, 0), (0, 1), (1, 4), (0, 5), (1, 5), (0, 4), (1, 2), (0, 4), (1, 3), (0, 0), (1, 2), (0, 2), (1, 5), (0, 4), (1, 4), (0, 1), (1, 2), (0, 3), (1, 1), (0, 5), (1, 4), (0, 4), (1, 3), (0, 5), (1, 0), (0, 2), (1, 2), (0, 3), (1, 1), (0, 4), (1, 0), (0, 0)]
Scores = 19 , 27
Plateau (2, 6): 


     | 0 | 1 | 2 | 3 | 4 | 5 | 
------------------------------
  0  | 0 | 1 | 0 | 0 | 0 | 1 | 
------------------------------
  1  | 0 | 0 | 0 | 0 | 0 | 0 | 
------------------------------


Joueur 2, a vous de jouer
Le gagnant est: 2
(29, 10)
Coup joue = [(0, 0), (1, 5), (0, 4), (1, 3), (0, 3), (1, 4), (0, 4), (1, 2), (0, 0), (1, 1), (0, 2), (1, 4), (0, 0), (1, 2), (0, 5), (1, 5), (0, 2), (1, 4), (0, 0), (1, 0), (0, 3), (1, 3), (0, 0), (1, 1), (0, 2), (1, 2), (0, 3), (1, 1), (0, 5), (1, 5), (0, 0), (1, 0), (0, 4), (1, 5), (0, 2), (1, 4), (0, 5), (1, 2), (0, 0), (1, 5), (0, 1), (1, 0)]
Scores = 29 , 10
Plateau (2, 6): 


     | 0 | 1 | 2 | 3 | 4 | 5 | 
------------------------------
  0  | 0 | 0 | 2 | 3 | 2 | 2 | 
------------------------------
  1  | 0 | 0 | 0 | 0 | 0 | 0 | 
------------------------------


Joueur 1, a vous de jouer
Le gagnant est: 1
(27, 20)
Coup joue = [(0, 3), (1, 3), (0, 5), (1, 2), (0, 1), (1, 4), (0, 1), (1, 2), (0, 4), (1, 4), (0, 2), (1, 0), (0, 3), (1, 5), (0, 0), (1, 1), (0, 5), (1, 1), (0, 1), (1, 0)]
Scores = 27 , 20
Plateau (2, 6): 


     | 0 | 1 | 2 | 3 | 4 | 5 | 
------------------------------
  0  | 0 | 0 | 1 | 0 | 0 | 0 | 
------------------------------
  1  | 0 | 0 | 0 | 0 | 0 | 0 | 
------------------------------


Joueur 1, a vous de jouer
Le gagnant est: 1
(15, 29)
Coup joue = [(0, 5), (1, 3), (0, 4), (1, 5), (0, 3), (1, 1), (0, 0), (1, 4), (0, 5), (1, 5), (0, 1), (1, 5), (0, 5), (1, 2), (0, 5), (1, 3), (0, 2), (1, 0), (0, 2), (1, 4), (0, 3), (1, 2), (0, 1), (1, 3), (0, 2), (1, 5), (0, 4), (1, 4), (0, 3), (1, 0), (0, 0), (1, 2), (0, 1), (1, 3), (0, 5), (1, 1), (0, 3), (1, 0), (0, 5), (1, 2), (0, 1), (1, 1), (0, 2), (1, 0), (0, 4), (1, 4), (0, 5), (1, 5), (0, 3), (1, 3), (0, 4), (1, 4), (0, 5), (1, 2), (0, 0), (1, 3), (0, 1), (1, 1), (0, 2), (1, 0), (0, 3), (1, 5), (0, 4), (1, 2), (0, 5), (1, 4), (0, 0), (1, 5), (0, 1), (1, 1), (0, 2), (1, 3), (0, 3), (1, 4), (0, 4), (1, 2), (0, 5), (1, 5)]
Scores = 15 , 29
Plateau (2, 6): 


     | 0 | 1 | 2 | 3 | 4 | 5 | 
------------------------------
  0  | 0 | 0 | 0 | 0 | 0 | 0 | 
------------------------------
  1  | 1 | 1 | 0 | 1 | 1 | 0 | 
------------------------------


Joueur 1, a vous de jouer
Le gagnant est: 2
(22, 23)
Coup joue = [(0, 1), (1, 4), (0, 0), (1, 0), (0, 0), (1, 2), (0, 0), (1, 5), (0, 5), (1, 5), (0, 4), (1, 5), (0, 1), (1, 2), (0, 5), (1, 4), (0, 2), (1, 4), (0, 4), (1, 0), (0, 0), (1, 2), (0, 3), (1, 0), (0, 0), (1, 2), (0, 1), (1, 1), (0, 5), (1, 3), (0, 1), (1, 0), (0, 4), (1, 2), (0, 1), (1, 0), (0, 5), (1, 1), (0, 1), (1, 0), (0, 0)]
Scores = 22 , 23
Plateau (2, 6): 


     | 0 | 1 | 2 | 3 | 4 | 5 | 
------------------------------
  0  | 0 | 1 | 2 | 0 | 0 | 0 | 
------------------------------
  1  | 0 | 0 | 0 | 0 | 0 | 0 | 
------------------------------


Joueur 2, a vous de jouer
Le gagnant est: 2
(32, 6)
Coup joue = [(0, 1), (1, 3), (0, 5), (1, 1), (0, 1), (1, 0), (0, 2), (1, 5), (0, 5), (1, 0), (0, 0), (1, 1), (0, 0), (1, 0), (0, 2), (1, 2), (0, 2), (1, 4), (0, 2), (1, 3), (0, 4), (1, 4), (0, 2), (1, 3), (0, 5), (1, 2), (0, 0), (1, 5), (0, 1), (1, 5), (0, 3), (1, 0), (0, 2)]
Scores = 32 , 6
Plateau (2, 6): 


     | 0 | 1 | 2 | 3 | 4 | 5 | 
------------------------------
  0  | 0 | 1 | 0 | 1 | 4 | 4 | 
------------------------------
  1  | 0 | 0 | 0 | 0 | 0 | 0 | 
------------------------------


Joueur 2, a vous de jouer
Le gagnant est: 1
(25, 13)
Coup joue = [(0, 4), (1, 5), (0, 0), (1, 4), (0, 0), (1, 3), (0, 0), (1, 2), (0, 2), (1, 1), (0, 5), (1, 1), (0, 0), (1, 0), (0, 1), (1, 0), (0, 3), (1, 2), (0, 5), (1, 1), (0, 1), (1, 0), (0, 0)]
Scores = 25 , 13
Plateau (2, 6): 


     | 0 | 1 | 2 | 3 | 4 | 5 | 
------------------------------
  0  | 0 | 2 | 4 | 0 | 4 | 0 | 
------------------------------
  1  | 0 | 0 | 0 | 0 | 0 | 0 | 
------------------------------


Joueur 2, a vous de jouer
Le gagnant est: 1
(18, 27)
Coup joue = [(0, 3), (1, 2), (0, 1), (1, 1), (0, 4), (1, 3), (0, 2), (1, 5), (0, 1), (1, 4), (0, 1), (1, 0), (0, 3), (1, 5), (0, 5), (1, 0), (0, 4), (1, 3), (0, 2), (1, 0), (0, 3), (1, 2), (0, 3), (1, 1), (0, 3), (1, 5), (0, 4), (1, 4), (0, 5), (1, 3), (0, 0), (1, 3), (0, 5), (1, 1), (0, 1), (1, 0), (0, 4), (1, 2), (0, 2), (1, 1), (0, 4), (1, 0), (0, 3), (1, 5), (0, 4), (1, 4), (0, 5), (1, 5)]
Scores = 18 , 27
Plateau (2, 6): 


     | 0 | 1 | 2 | 3 | 4 | 5 | 
------------------------------
  0  | 0 | 0 | 0 | 0 | 0 | 0 | 
------------------------------
  1  | 0 | 1 | 0 | 0 | 2 | 0 | 
------------------------------


Joueur 1, a vous de jouer
Le gagnant est: 2
(21, 12)
Coup joue = [(0, 4), (1, 0), (0, 3), (1, 3), (0, 0), (1, 2), (0, 0), (1, 5), (0, 0), (1, 4), (0, 4), (1, 3), (0, 5), (1, 0), (0, 1), (1, 2), (0, 1), (1, 0), (0, 4), (1, 4), (0, 0), (1, 3), (0, 3), (1, 1), (0, 2), (1, 1), (0, 0), (1, 0), (0, 1)]
Scores = 21 , 12
Plateau (2, 6): 


     | 0 | 1 | 2 | 3 | 4 | 5 | 
------------------------------
  0  | 1 | 0 | 2 | 4 | 2 | 6 | 
------------------------------
  1  | 0 | 0 | 0 | 0 | 0 | 0 | 
------------------------------


Joueur 2, a vous de jouer
Le gagnant est: 1
(16, 27)
Coup joue = [(0, 0), (1, 4), (0, 2), (1, 4), (0, 5), (1, 5), (0, 1), (1, 5), (0, 3), (1, 3), (0, 3), (1, 2), (0, 2), (1, 4), (0, 5), (1, 3), (0, 4), (1, 5), (0, 5), (1, 1), (0, 4), (1, 2), (0, 5), (1, 1), (0, 3), (1, 5), (0, 5), (1, 3), (0, 4), (1, 4), (0, 5), (1, 2), (0, 1), (1, 3), (0, 0), (1, 2), (0, 1), (1, 1), (0, 0), (1, 0), (0, 1), (1, 4), (0, 2), (1, 1), (0, 4), (1, 5), (0, 5), (1, 2), (0, 3), (1, 5), (0, 4), (1, 4), (0, 5), (1, 5)]
Scores = 16 , 27
Plateau (2, 6): 


     | 0 | 1 | 2 | 3 | 4 | 5 | 
------------------------------
  0  | 0 | 0 | 0 | 0 | 0 | 0 | 
------------------------------
  1  | 1 | 1 | 0 | 1 | 2 | 0 | 
------------------------------


Joueur 1, a vous de jouer
Le gagnant est: 2
